1 0 
1 0 
1 0 
1 0 
1 0 
0.610098 0.389902 
0.624232 0.375768 
1 0 
0.649195 0.350804 
0.635024 0.364976 
0.620292 0.379708 
0.638752 0.361248 
0.599844 0.400156 
1 0 
0.38482 0.61518 
0.640481 0.359519 
0.65184 0.34816 
0.620008 0.379992 
0.635344 0.364656 
0.67198 0.32802 
0.632526 0.367474 
1 0 
1 0 
0.689304 0.310696 
1 0 
0.64784 0.35216 
0.641308 0.358692 
1 0 
1 0 
0.645284 0.354716 
0.626486 0.373513 
0.657212 0.342788 
0.667116 0.332884 
1 0 
0.633588 0.366412 
0.655508 0.344492 
0.629948 0.370052 
1 0 
0.66914 0.33086 
1 0 
1 0 
0.824488 0.175512 
1 0 
1 0 
1 0 
1 0 
1 0 
0.731629 0.268371 
1 0 
0.390784 0.609216 
0.655224 0.344776 
1 0 
0.677617 0.322382 
0.653194 0.346806 
1 0 
0.669708 0.330292 
0.635064 0.364935 
1 0 
0.740992 0.259008 
1 0 
0.66204 0.33796 
0.699492 0.300508 
0.66772 0.33228 
1 0 
1 0 
0.411516 0.588484 
1 0 
0.553836 0.446164 
1 0 
1 0 
1 0 
1 0 
1 0 
1 0 
0.463208 0.536791 
1 0 
1 0 
0.464056 0.535944 
1 0 
1 0 
1 0 
0.483964 0.516036 
0.549283 0.450716 
1 0 
1 0 
1 0 
1 0 
0.594448 0.405552 
1 0 
1 0 
0.764267 0.235732 
1 0 
1 0 
1 0 
1 0 
1 0 
1 0 
1 0 
1 0 
1 0 
0.999432 0.000568 
0.699794 0.300206 
0.70322 0.29678 
0.689872 0.310128 
0.710016 0.289984 
0.685612 0.314388 
0.69468 0.30532 
0.706329 0.293671 
0.698676 0.301324 
0.704902 0.295098 
0.696674 0.303325 
0.685873 0.314127 
0.699232 0.300768 
0.702924 0.297076 
0.689872 0.310128 
0.690404 0.309596 
0.690982 0.309018 
0.695836 0.304164 
0.695827 0.304173 
0.704347 0.295653 
1 0 
1 0 
1 0 
1 0 
0.550967 0.449033 
1 0 
0.999716 0.000284 
1 0 
0.607796 0.392204 
0.571156 0.428844 
0.592992 0.407008 
0.607228 0.392772 
0.598674 0.401326 
0.741276 0.258724 
0.586494 0.413505 
0.562639 0.437361 
0.622563 0.377437 
0.57258 0.42742 
0.635344 0.364656 
0.581385 0.418615 
1 0 
1 0 
0.518054 0.481945 
1 0 
1 0 
0.703748 0.296252 
1 0 
1 0 
0.5456 0.4544 
1 0 
1 0 
1 0 
0.91054 0.08946 
0.386284 0.613716 
0.361808 0.638192 
1 0 
1 0 
0.69863 0.30137 
0.74582 0.25418 
0.425148 0.574852 
0.431727 0.568272 
0.769108 0.230892 
0.760304 0.239696 
0.461252 0.538748 
0.43768 0.56232 
0.73556 0.26444 
0.694649 0.30535 
0.686195 0.313805 
0.70038 0.29962 
0.699244 0.300756 
0.696919 0.30308 
0.702084 0.297916 
0.69896 0.30104 
0.692428 0.307572 
0.703165 0.296835 
0.698695 0.301305 
0.696632 0.303368 
0.384876 0.615124 
0.368348 0.631652 
0.693564 0.306436 
0.695552 0.304448 
0.707502 0.292498 
0.710604 0.289396 
0.527081 0.472919 
0.786455 0.213544 
0.641592 0.358408 
0.638752 0.361248 
0.683056 0.316944 
0.695232 0.304768 
0.693812 0.306188 
0.704072 0.295928 
0.705713 0.294287 
0.700124 0.299876 
0.69612 0.30388 
0.689304 0.310696 
0.696055 0.303945 
0.693848 0.306152 
0.68867 0.31133 
0.72168 0.27832 
0.703535 0.296465 
0.68902 0.31098 
0.707128 0.292872 
0.711772 0.288227 
0.713659 0.286341 
0.700878 0.299121 
0.7018 0.2982 
0.693209 0.30679 
0.704072 0.295928 
0.701232 0.298768 
0.695836 0.304164 
0.712876 0.287124 
0.698392 0.301608 
0.69491 0.30509 
0.698392 0.301608 
0.709394 0.290606 
0.699812 0.300188 
0.692144 0.307856 
0.702976 0.297024 
0.694984 0.305016 
0.695877 0.304123 
0.69612 0.30388 
0.704924 0.295076 
0.706628 0.293372 
0.704072 0.295928 
0.70464 0.29536 
0.720588 0.279412 
0.699163 0.300837 
0.702084 0.297916 
0.69219 0.30781 
0.695268 0.304732 
0.69328 0.30672 
0.688168 0.311832 
0.681836 0.318163 
0.788136 0.211864 
0.771664 0.228336 
0.69186 0.30814 
0.717753 0.282247 
0.8793 0.1207 
0.694329 0.305671 
0.706628 0.293372 
0.675017 0.324983 
0.661524 0.338476 
0.70432 0.29568 
0.702084 0.297916 
0.707674 0.292325 
0.693758 0.306242 
0.64642 0.35358 
0.643012 0.356988 
0.64074 0.35926 
0.632128 0.367872 
0.6344 0.3656 
0.703411 0.296589 
0.706117 0.293882 
0.704924 0.295076 
0.692996 0.307004 
0.6947 0.3053 
0.702936 0.297064 
0.705776 0.294224 
0.730768 0.269232 
0.667436 0.332564 
0.671473 0.328526 
0.69533 0.30467 
0.678129 0.321871 
0.711073 0.288927 
0.699492 0.300508 
0.704256 0.295744 
0.711456 0.288544 
0.689085 0.310915 
0.69896 0.30104 
0.707094 0.292906 
0.705492 0.294508 
0.707764 0.292236 
0.676808 0.323192 
0.698288 0.301712 
0.709752 0.290248 
0.714544 0.285456 
0.697824 0.302176 
0.692996 0.307004 
0.637686 0.362314 
0.677092 0.322908 
0.746956 0.253044 
0.754872 0.245128 
0.58252 0.41748 
0.693637 0.306363 
0.72299 0.277009 
0.716174 0.283826 
0.713728 0.286272 
0.698676 0.301324 
0.70464 0.29536 
0.692504 0.307496 
0.707764 0.292236 
0.700551 0.299449 
0.706137 0.293862 
0.673116 0.326884 
0.698186 0.301814 
0.717499 0.282501 
0.70038 0.29962 
0.700176 0.299824 
0.709832 0.290167 
0.693447 0.306553 
0.689304 0.310696 
0.706226 0.293774 
0.692593 0.307406 
0.708131 0.291869 
0.690724 0.309276 
0.699528 0.300472 
0.689956 0.310043 
0.700259 0.299741 
0.6876 0.3124 
0.700948 0.299052 
0.706912 0.293088 
0.705085 0.294915 
0.698108 0.301892 
0.674908 0.325092 
0.6734 0.3266 
0.663549 0.336451 
0.680589 0.31941 
0.692712 0.307288 
0.70606 0.29394 
0.689304 0.310696 
0.703504 0.296496 
0.7065 0.2935 
0.699116 0.300884 
0.698676 0.301324 
0.698676 0.301324 
0.700948 0.299052 
0.703788 0.296212 
0.696215 0.303785 
0.687979 0.31202 
0.673684 0.326316 
0.703504 0.296496 
0.692712 0.307288 
0.690874 0.309125 
0.6876 0.3124 
0.679328 0.320672 
0.685328 0.314672 
0.71316 0.28684 
0.716 0.284 
0.71174 0.28826 
0.714864 0.285136 
0.706628 0.293372 
0.696404 0.303596 
0.710749 0.28925 
0.692857 0.307143 
0.710036 0.289964 
0.703504 0.296496 
0.695128 0.304872 
0.701905 0.298095 
0.698676 0.301324 
0.69754 0.30246 
0.707764 0.292236 
0.697824 0.302176 
0.712592 0.287408 
0.70464 0.29536 
0.689872 0.310128 
0.701232 0.298768 
0.69907 0.30093 
0.701232 0.298768 
0.6947 0.3053 
0.697256 0.302744 
0.702936 0.297064 
0.69538 0.30462 
0.705911 0.294088 
0.711875 0.288125 
0.698392 0.301608 
0.698392 0.301608 
0.70589 0.294109 
0.703619 0.296381 
0.692276 0.307723 
0.693848 0.306152 
0.696804 0.303196 
0.69612 0.30388 
0.7029 0.2971 
0.688984 0.311016 
0.708048 0.291952 
0.705492 0.294508 
0.694984 0.305016 
0.69142 0.30858 
0.703504 0.296496 
0.699208 0.300792 
0.708616 0.291384 
0.709594 0.290406 
0.698798 0.301202 
0.702652 0.297348 
0.70464 0.29536 
0.71016 0.28984 
0.702209 0.297791 
0.703788 0.296212 
0.694416 0.305584 
0.692144 0.307856 
0.707033 0.292966 
0.703184 0.296816 
0.71458 0.28542 
0.698512 0.301488 
0.710604 0.289396 
0.685292 0.314708 
0.703634 0.296366 
0.699646 0.300354 
0.699244 0.300756 
0.682488 0.317512 
0.705208 0.294792 
0.700096 0.299904 
0.675956 0.324044 
0.694247 0.305753 
0.70589 0.294109 
0.69612 0.30388 
0.701232 0.298768 
0.700096 0.299904 
0.691292 0.308708 
0.7089 0.2911 
0.704356 0.295644 
0.70748 0.29252 
0.701516 0.298484 
0.679474 0.320526 
0.697256 0.302744 
0.688277 0.311723 
0.679648 0.320352 
0.704212 0.295788 
0.696511 0.303488 
0.696404 0.303596 
0.697646 0.302353 
0.690298 0.309702 
0.703893 0.296106 
0.69612 0.30388 
0.713444 0.286556 
0.705776 0.294224 
0.691111 0.308889 
0.704175 0.295825 
0.7029 0.2971 
0.71217 0.28783 
0.705354 0.294646 
0.689304 0.310696 
0.705208 0.294792 
0.689688 0.310312 
0.700195 0.299804 
0.702233 0.297767 
0.701047 0.298953 
0.692144 0.307856 
0.684342 0.315657 
0.698356 0.301644 
0.693564 0.306436 
0.714392 0.285608 
0.670655 0.329344 
0.683588 0.316412 
0.700249 0.29975 
0.712592 0.287408 
0.705078 0.294922 
0.639888 0.360112 
0.698831 0.301169 
0.65352 0.34648 
0.660427 0.339572 
0.643387 0.356613 
0.69296 0.30704 
0.697698 0.302302 
0.703094 0.296905 
0.694575 0.305425 
0.692871 0.307128 
0.700752 0.299248 
0.696491 0.303508 
0.694984 0.305016 
0.694132 0.305868 
0.696206 0.303794 
0.712876 0.287124 
0.705009 0.294991 
0.70432 0.29568 
0.725088 0.274912 
0.700948 0.299052 
0.708616 0.291384 
0.700948 0.299052 
0.714296 0.285704 
0.707363 0.292637 
0.695268 0.304732 
0.688452 0.311548 
0.693564 0.306436 
0.709547 0.290453 
0.706229 0.293771 
0.699129 0.30087 
0.687486 0.312514 
0.702161 0.297839 
0.682772 0.317228 
0.692676 0.307324 
0.696972 0.303028 
0.687204 0.312796 
0.695627 0.304373 
0.706912 0.293088 
0.691576 0.308424 
0.707938 0.292061 
0.709468 0.290532 
0.70606 0.29394 
0.714864 0.285136 
0.700344 0.299656 
0.69612 0.30388 
0.698569 0.30143 
0.693634 0.306366 
0.698392 0.301608 
0.691292 0.308708 
0.710888 0.289112 
0.707764 0.292236 
0.702652 0.297348 
0.72168 0.27832 
0.688452 0.311548 
0.690506 0.309494 
0.694948 0.305052 
0.701232 0.298768 
0.68334 0.31666 
0.712592 0.287408 
0.689872 0.310128 
0.690787 0.309213 
0.702368 0.297632 
0.694194 0.305806 
0.711172 0.288828 
0.696404 0.303596 
0.700851 0.299148 
0.708676 0.291324 
0.717763 0.282237 
0.718177 0.281823 
0.720828 0.279172 
0.723442 0.276558 
0.703468 0.296532 
0.695836 0.304164 
0.701516 0.298484 
0.719976 0.280024 
0.702332 0.297668 
0.700096 0.299904 
0.706821 0.293179 
0.689872 0.310128 
0.677376 0.322624 
0.670897 0.329103 
0.703788 0.296212 
0.698392 0.301608 
0.702136 0.297864 
0.692712 0.307288 
0.710888 0.289112 
0.690688 0.309312 
0.703468 0.296532 
0.694331 0.305669 
0.709752 0.290248 
0.695752 0.304248 
0.701716 0.298283 
0.704687 0.295313 
0.712556 0.287444 
0.706024 0.293976 
0.683953 0.316047 
0.684476 0.315524 
0.689304 0.310696 
0.683952 0.316048 
0.678716 0.321283 
0.695552 0.304448 
0.710646 0.289353 
0.685654 0.314346 
0.694096 0.305904 
0.726224 0.273776 
0.687316 0.312684 
0.688452 0.311548 
0.68582 0.31418 
0.634172 0.365828 
0.613401 0.386598 
0.684476 0.315524 
0.697466 0.302534 
0.683624 0.316376 
0.693848 0.306152 
0.69154 0.30846 
0.688168 0.311832 
0.643012 0.356988 
0.706094 0.293905 
0.690474 0.309526 
0.666617 0.333382 
0.663391 0.336609 
