0.699534 0.300466 
0.703228 0.296772 
0.625502 0.374498 
0.70077 0.29923 
0.003533 0.996467 
0.706761 0.293239 
0.706761 0.293239 
0.704301 0.295699 
0.716126 0.283874 
0.017665 0.982335 
1 0 
1 0 
1 0 
0.731492 0.268508 
0.017665 0.982335 
1 0 
1 0 
1 0 
0.889248 0.110751 
0.897543 0.102457 
1 0 
1 0 
1 0 
1 0 
1 0 
1 0 
1 0 
1 0 
1 0 
1 0 
1 0 
1 0 
1 0 
1 0 
1 0 
1 0 
1 0 
1 0 
0.912732 0.0872675 
1 0 
1 0 
1 0 
1 0 
1 0 
1 0 
1 0 
1 0 
1 0 
1 0 
1 0 
1 0 
1 0 
1 0 
1 0 
1 0 
1 0 
1 0 
0.687887 0.312113 
0.703228 0.296772 
0.678497 0.321503 
0.664365 0.335635 
0.684356 0.315644 
0.683075 0.316924 
0.664365 0.335635 
0.045929 0.954071 
0.679541 0.320459 
0.71736 0.28264 
0.236711 0.763289 
0.692468 0.307532 
0.551148 0.448852 
0.679538 0.320462 
0.014132 0.985868 
1 0 
1 0 
1 0 
1 0 
1 0 
0.042396 0.957604 
0.720893 0.279107 
0.664365 0.335635 
0.007066 0.992934 
0.369929 0.630071 
1 0 
1 0 
1 0 
1 0 
1 0 
1 0 
0.728992 0.271008 
0.71736 0.28264 
0.707792 0.292208 
0.632568 0.367432 
0.703228 0.296772 
0.710294 0.289706 
0.038863 0.961137 
0.686592 0.313408 
0.677307 0.322692 
0.674964 0.325036 
0.671431 0.328569 
0.675991 0.324009 
1 0 
1 0 
1 0 
1 0 
1 0 
1 0 
1 0 
1 0 
1 0 
1 0 
1 0 
1 0 
1 0 
1 0 
1 0 
0.883411 0.116589 
1 0 
1 0 
1 0 
1 0 
1 0 
1 0 
0.014132 0.985868 
1 0 
1 0 
1 0 
1 0 
1 0 
1 0 
1 0 
1 0 
1 0 
1 0 
1 0 
1 0 
1 0 
1 0 
1 0 
1 0 
1 0 
1 0 
1 0 
1 0 
1 0 
0.03533 0.96467 
0.731492 0.268508 
0.727959 0.272041 
0.693632 0.306368 
0.819817 0.180183 
1 0 
0.751528 0.248472 
0.696162 0.303838 
0.69363 0.30637 
0.373498 0.626502 
0.71736 0.28264 
0.791553 0.208447 
1 0 
1 0 
0.885786 0.114214 
1 0 
0.721889 0.27811 
1 0 
0.793929 0.20607 
1 0 
1 0 
0.745624 0.254376 
0.39117 0.60883 
1 0 
1 0 
1 0 
0.109523 0.890477 
1 0 
1 0 
0.703228 0.296772 
0.724265 0.275735 
0.003533 0.996467 
1 0 
1 0 
1 0 
1 0 
1 0 
1 0 
1 0 
1 0 
1 0 
1 0 
1 0 
1 0 
1 0 
1 0 
1 0 
1 0 
1 0 
1 0 
1 0 
1 0 
1 0 
1 0 
1 0 
1 0 
1 0 
1 0 
1 0 
1 0 
0.636101 0.363899 
0.713827 0.286173 
0.017665 0.982335 
1 0 
1 0 
1 0 
1 0 
1 0 
1 0 
0.925807 0.074193 
0.904609 0.095391 
1 0 
1 0 
1 0 
1 0 
1 0 
1 0 
1 0 
1 0 
1 0 
1 0 
0.925807 0.074193 
1 0 
1 0 
1 0 
1 0 
1 0 
1 0 
1 0 
1 0 
1 0 
0.869279 0.130721 
1 0 
1 0 
1 0 
1 0 
1 0 
0.010599 0.989401 
1 0 
1 0 
0.76071 0.239289 
1 0 
1 0 
1 0 
1 0 
1 0 
1 0 
1 0 
1 0 
1 0 
1 0 
1 0 
1 0 
1 0 
1 0 
1 0 
1 0 
1 0 
1 0 
1 0 
1 0 
1 0 
1 0 
1 0 
1 0 
1 0 
1 0 
1 0 
1 0 
1 0 
1 0 
1 0 
1 0 
1 0 
1 0 
1 0 
1 0 
1 0 
1 0 
1 0 
1 0 
1 0 
1 0 
1 0 
1 0 
1 0 
0.017665 0.982335 
0.591103 0.408897 
0.677405 0.322595 
0.714757 0.285243 
1 0 
1 0 
1 0 
1 0 
1 0 
1 0 
1 0 
1 0 
1 0 
0.130721 0.869279 
1 0 
1 0 
1 0 
1 0 
1 0 
1 0 
1 0 
1 0 
1 0 
1 0 
1 0 
0.833949 0.166051 
1 0 
1 0 
1 0 
1 0 
1 0 
1 0 
1 0 
1 0 
1 0 
1 0 
1 0 
1 0 
1 0 
1 0 
1 0 
1 0 
1 0 
1 0 
1 0 
1 0 
1 0 
1 0 
0.713827 0.286173 
0.657299 0.342701 
0.724426 0.275574 
0.293239 0.706761 
0.296772 0.703228 
1 0 
1 0 
1 0 
0.672334 0.327665 
0.883411 0.116589 
1 0 
1 0 
1 0 
1 0 
1 0 
0.727959 0.272041 
1 0 
0.68203 0.31797 
1 0 
1 0 
0.750054 0.249945 
1 0 
1 0 
1 0 
1 0 
1 0 
1 0 
1 0 
1 0 
1 0 
1 0 
1 0 
1 0 
1 0 
1 0 
1 0 
1 0 
0.307532 0.692468 
0.254376 0.745624 
0.218158 0.781842 
1 0 
1 0 
1 0 
1 0 
1 0 
1 0 
1 0 
1 0 
1 0 
1 0 
1 0 
1 0 
1 0 
1 0 
1 0 
1 0 
1 0 
1 0 
1 0 
1 0 
1 0 
1 0 
1 0 
1 0 
1 0 
1 0 
1 0 
1 0 
1 0 
1 0 
1 0 
1 0 
1 0 
1 0 
1 0 
1 0 
1 0 
1 0 
1 0 
0.638605 0.361395 
1 0 
1 0 
0.650233 0.349767 
0.92934 0.07066 
1 0 
1 0 
0.031797 0.968203 
0.077726 0.922274 
1 0 
1 0 
1 0 
0.879878 0.120122 
1 0 
1 0 
1 0 
1 0 
1 0 
1 0 
0.936406 0.063594 
1 0 
1 0 
1 0 
1 0 
1 0 
1 0 
0.378031 0.621969 
1 0 
1 0 
1 0 
1 0 
0.681017 0.318983 
1 0 
1 0 
0.904609 0.095391 
0.038863 0.961137 
0.901076 0.098924 
0.925807 0.074193 
1 0 
1 0 
1 0 
1 0 
1 0 
0.89401 0.10599 
1 0 
0.71282 0.287179 
1 0 
1 0 
0.943472 0.056528 
0.851614 0.148386 
1 0 
1 0 
1 0 
0.737555 0.262444 
1 0 
0.925807 0.074193 
1 0 
0.833949 0.166051 
0.82335 0.17665 
1 0 
1 0 
1 0 
0.038026 0.961974 
0.720893 0.279107 
0.735025 0.264975 
0.688935 0.311065 
1 0 
1 0 
1 0 
1 0 
1 0 
1 0 
1 0 
1 0 
1 0 
1 0 
1 0 
0.148386 0.851614 
1 0 
1 0 
1 0 
0.007066 0.992934 
1 0 
1 0 
1 0 
1 0 
1 0 
1 0 
0.844548 0.155452 
1 0 
1 0 
1 0 
1 0 
1 0 
1 0 
1 0 
1 0 
1 0 
1 0 
0.703228 0.296772 
0.26769 0.73231 
0.262421 0.737579 
0.713666 0.286334 
1 0 
0.660832 0.339168 
0.081259 0.918741 
1 0 
1 0 
1 0 
1 0 
1 0 
1 0 
1 0 
1 0 
1 0 
1 0 
1 0 
1 0 
1 0 
1 0 
1 0 
1 0 
1 0 
1 0 
0.865746 0.134254 
1 0 
1 0 
1 0 
1 0 
1 0 
1 0 
1 0 
1 0 
1 0 
1 0 
1 0 
1 0 
1 0 
0.003533 0.996467 
1 0 
0.017665 0.982335 
0.731492 0.268508 
1 0 
0.851614 0.148386 
0.930136 0.069864 
1 0 
1 0 
1 0 
1 0 
1 0 
1 0 
1 0 
1 0 
1 0 
1 0 
1 0 
1 0 
1 0 
1 0 
1 0 
1 0 
1 0 
1 0 
1 0 
1 0 
1 0 
1 0 
1 0 
1 0 
1 0 
1 0 
1 0 
1 0 
1 0 
1 0 
1 0 
0.922274 0.077726 
0.89401 0.10599 
1 0 
1 0 
1 0 
1 0 
1 0 
1 0 
1 0 
0.844548 0.155452 
0.947005 0.052995 
1 0 
1 0 
1 0 
1 0 
1 0 
1 0 
1 0 
1 0 
1 0 
1 0 
1 0 
1 0 
1 0 
1 0 
1 0 
1 0 
1 0 
1 0 
1 0 
1 0 
1 0 
1 0 
0.657299 0.342701 
0.656375 0.343625 
0.686325 0.313674 
0.594467 0.405533 
0.649311 0.350689 
0.756223 0.243777 
0.566202 0.433798 
0.756223 0.243777 
0.756223 0.243777 
0.571587 0.428413 
0.240244 0.759756 
1 0 
0.640392 0.359608 
0.215513 0.784487 
0.098924 0.901076 
0.568974 0.431026 
0.597238 0.402762 
1 0 
0.68985 0.310149 
0.642252 0.357748 
1 0 
1 0 
1 0 
1 0 
1 0 
1 0 
1 0 
1 0 
1 0 
1 0 
1 0 
1 0 
1 0 
1 0 
1 0 
1 0 
1 0 
1 0 
0.922274 0.077726 
0.817028 0.182972 
1 0 
1 0 
1 0 
1 0 
1 0 
1 0 
1 0 
1 0 
1 0 
1 0 
0.166051 0.833949 
1 0 
1 0 
0.689096 0.310904 
0.014132 0.985868 
0.003533 0.996467 
1 0 
1 0 
1 0 
1 0 
0.010599 0.989401 
0.710294 0.289706 
0.0593285 0.940671 
0.691736 0.308264 
0.705869 0.294131 
1 0 
1 0 
0.007066 0.992934 
0.003533 0.996467 
1 0 
1 0 
1 0 
1 0 
1 0 
1 0 
0.699695 0.300305 
0.659945 0.340054 
0.696887 0.303113 
0.625502 0.374498 
0.031797 0.968203 
0.413522 0.586478 
0.759756 0.240244 
0.70395 0.296049 
0.724426 0.275574 
0.702345 0.297654 
1 0 
1 0 
1 0 
1 0 
1 0 
1 0 
1 0 
1 0 
1 0 
1 0 
1 0 
1 0 
1 0 
1 0 
1 0 
1 0 
1 0 
1 0 
1 0 
1 0 
1 0 
1 0 
1 0 
1 0 
1 0 
1 0 
1 0 
1 0 
1 0 
1 0 
1 0 
0.928473 0.0715265 
1 0 
0.949672 0.0503275 
1 0 
1 0 
0.028264 0.971736 
0.336498 0.663501 
0.696162 0.303838 
0.727959 0.272041 
1 0 
1 0 
1 0 
1 0 
1 0 
1 0 
1 0 
1 0 
1 0 
1 0 
1 0 
1 0 
1 0 
1 0 
1 0 
1 0 
1 0 
0.444465 0.555534 
1 0 
0.187249 0.812751 
1 0 
1 0 
1 0 
1 0 
1 0 
1 0 
1 0 
1 0 
1 0 
1 0 
1 0 
1 0 
1 0 
1 0 
1 0 
1 0 
1 0 
1 0 
1 0 
1 0 
1 0 
1 0 
1 0 
1 0 
1 0 
1 0 
1 0 
1 0 
1 0 
1 0 
1 0 
1 0 
1 0 
1 0 
1 0 
1 0 
1 0 
1 0 
1 0 
0.363899 0.636101 
1 0 
1 0 
1 0 
1 0 
1 0 
1 0 
1 0 
1 0 
1 0 
0.021198 0.978802 
1 0 
1 0 
1 0 
1 0 
1 0 
1 0 
0.010599 0.989401 
0.720893 0.279107 
0.713827 0.286173 
0.713004 0.286996 
0.670609 0.329391 
0.077726 0.922274 
0.749157 0.250843 
1 0 
0.621969 0.378031 
1 0 
1 0 
1 0 
1 0 
1 0 
1 0 
1 0 
1 0 
1 0 
1 0 
1 0 
1 0 
0.017665 0.982335 
0.706761 0.293239 
1 0 
1 0 
1 0 
1 0 
1 0 
1 0 
1 0 
1 0 
1 0 
1 0 
1 0 
1 0 
1 0 
1 0 
1 0 
1 0 
0.865746 0.134254 
1 0 
1 0 
1 0 
1 0 
1 0 
0.688294 0.311705 
0 1 
1 0 
0.667098 0.332902 
0.532844 0.467156 
0.710932 0.289068 
0.448691 0.551309 
0.585841 0.414159 
0.686199 0.3138 
0.709497 0.290503 
0.038863 0.961137 
0.826883 0.173117 
1 0 
1 0 
1 0 
1 0 
1 0 
1 0 
1 0 
1 0 
1 0 
1 0 
1 0 
1 0 
1 0 
1 0 
1 0 
0.802779 0.197221 
1 0 
1 0 
1 0 
1 0 
1 0 
1 0 
1 0 
1 0 
1 0 
1 0 
1 0 
1 0 
1 0 
0.890477 0.109523 
1 0 
0.081259 0.918741 
1 0 
1 0 
1 0 
1 0 
1 0 
1 0 
1 0 
1 0 
1 0 
1 0 
1 0 
1 0 
1 0 
1 0 
1 0 
1 0 
1 0 
1 0 
1 0 
1 0 
1 0 
1 0 
1 0 
1 0 
1 0 
1 0 
1 0 
1 0 
1 0 
1 0 
1 0 
1 0 
0.028264 0.971736 
1 0 
1 0 
1 0 
1 0 
1 0 
1 0 
1 0 
1 0 
0.883411 0.116589 
0.68203 0.31797 
0.68203 0.31797 
0.233178 0.766822 
0.582349 0.417651 
1 0 
1 0 
1 0 
1 0 
1 0 
1 0 
1 0 
1 0 
1 0 
1 0 
1 0 
1 0 
1 0 
1 0 
1 0 
1 0 
0.144853 0.855147 
1 0 
1 0 
0.890477 0.109523 
1 0 
1 0 
1 0 
1 0 
1 0 
1 0 
1 0 
1 0 
0.721475 0.278525 
0.513027 0.486973 
0.678497 0.321503 
0.566021 0.433979 
0.615482 0.384517 
0.261442 0.738558 
0.526417 0.473583 
0.512446 0.487554 
0.689096 0.310904 
0.720893 0.279107 
0.518775 0.481225 
0.342862 0.657138 
0.699534 0.300466 
0.686138 0.313862 
0.777421 0.222579 
0.636101 0.363899 
0.706761 0.293239 
0.710294 0.289706 
0.625341 0.374659 
0.604304 0.395696 
0.696734 0.303266 
0.720893 0.279107 
0.71736 0.28264 
0.52995 0.47005 
0.645969 0.35403 
0.629035 0.370965 
0.285604 0.714395 
0.685402 0.314598 
0.435287 0.564712 
0.699695 0.300305 
0.759028 0.240971 
0.544082 0.455918 
0.710294 0.289706 
0.626067 0.373933 
0.51301 0.486989 
0.533644 0.466356 
0.151356 0.848644 
0.693192 0.306808 
0.681869 0.318131 
0.720893 0.279107 
0.671431 0.328569 
0.414083 0.585917 
0.738558 0.261442 
1 0 
1 0 
1 0 
1 0 
1 0 
0.003533 0.996467 
1 0 
1 0 
1 0 
1 0 
0.908142 0.091858 
1 0 
1 0 
1 0 
1 0 
1 0 
1 0 
1 0 
1 0 
0.109523 0.890477 
0.657299 0.342701 
0.639634 0.360366 
0.703228 0.296772 
1 0 
0.650072 0.349928 
0.548323 0.451676 
0.720893 0.279107 
0.346234 0.653766 
0.709587 0.290413 
0.268669 0.731331 
0.738558 0.261442 
0.745624 0.254376 
0.735025 0.264975 
1 0 
1 0 
1 0 
1 0 
1 0 
1 0 
1 0 
1 0 
1 0 
1 0 
1 0 
1 0 
1 0 
1 0 
1 0 
1 0 
1 0 
1 0 
1 0 
1 0 
1 0 
1 0 
1 0 
0.695469 0.304531 
0.021198 0.978802 
1 0 
1 0 
0.077726 0.922274 
1 0 
1 0 
1 0 
0.971736 0.028264 
1 0 
1 0 
0.169584 0.830416 
0 1 
1 0 
1 0 
1 0 
1 0 
1 0 
1 0 
1 0 
1 0 
1 0 
0.932873 0.067127 
1 0 
0.932873 0.067127 
1 0 
1 0 
1 0 
1 0 
1 0 
1 0 
1 0 
1 0 
1 0 
1 0 
1 0 
1 0 
1 0 
1 0 
1 0 
1 0 
1 0 
1 0 
1 0 
1 0 
0.943472 0.056528 
1 0 
0.850944 0.149055 
1 0 
1 0 
1 0 
1 0 
1 0 
1 0 
1 0 
1 0 
1 0 
1 0 
1 0 
0.82335 0.17665 
1 0 
1 0 
1 0 
1 0 
1 0 
1 0 
0.695502 0.304498 
0.243278 0.756721 
0.908142 0.091858 
1 0 
1 0 
1 0 
1 0 
1 0 
1 0 
1 0 
1 0 
1 0 
1 0 
1 0 
1 0 
1 0 
0.911675 0.088325 
0.936406 0.063594 
1 0 
0.971736 0.028264 
1 0 
1 0 
1 0 
1 0 
1 0 
1 0 
1 0 
1 0 
1 0 
1 0 
1 0 
1 0 
1 0 
1 0 
1 0 
1 0 
1 0 
1 0 
1 0 
1 0 
1 0 
1 0 
1 0 
1 0 
1 0 
1 0 
0.702591 0.297409 
0.71736 0.28264 
0.038863 0.961137 
0.699695 0.300305 
0.710294 0.289706 
0.677862 0.322137 
0.699061 0.300939 
1 0 
1 0 
0.890477 0.109523 
1 0 
1 0 
1 0 
1 0 
1 0 
1 0 
1 0 
1 0 
1 0 
1 0 
1 0 
1 0 
1 0 
1 0 
1 0 
1 0 
1 0 
1 0 
1 0 
1 0 
1 0 
1 0 
1 0 
1 0 
1 0 
1 0 
1 0 
1 0 
1 0 
1 0 
1 0 
1 0 
1 0 
1 0 
1 0 
1 0 
1 0 
1 0 
1 0 
1 0 
1 0 
0.052995 0.947005 
0.678947 0.321053 
1 0 
1 0 
1 0 
1 0 
1 0 
1 0 
1 0 
1 0 
1 0 
1 0 
1 0 
1 0 
1 0 
0.710294 0.289706 
1 0 
1 0 
1 0 
1 0 
0.010599 0.989401 
0.629035 0.370965 
0.695561 0.304439 
0.727959 0.272041 
0.688496 0.311503 
0.75269 0.24731 
0.738558 0.261442 
0.695564 0.304436 
1 0 
1 0 
1 0 
1 0 
1 0 
1 0 
1 0 
0.014132 0.985868 
0.936406 0.063594 
1 0 
1 0 
1 0 
1 0 
1 0 
1 0 
1 0 
0.985868 0.014132 
1 0 
1 0 
0.989401 0.010599 
1 0 
1 0 
1 0 
0.883411 0.116589 
1 0 
1 0 
1 0 
0.703228 0.296772 
0.010599 0.989401 
1 0 
1 0 
1 0 
1 0 
1 0 
1 0 
1 0 
1 0 
1 0 
1 0 
1 0 
1 0 
1 0 
1 0 
1 0 
1 0 
1 0 
1 0 
1 0 
1 0 
1 0 
1 0 
1 0 
1 0 
1 0 
1 0 
1 0 
1 0 
0.748996 0.251004 
0.657299 0.342701 
0.707168 0.292832 
0.409828 0.590172 
0.685563 0.314437 
0.724265 0.275735 
0.692063 0.307937 
0.639634 0.360366 
0.674964 0.325036 
0.723861 0.276139 
0.720329 0.279671 
0.699695 0.300305 
0.734462 0.265538 
0.604304 0.395696 
0.710294 0.289706 
0.681468 0.318531 
1 0 
1 0 
0.183716 0.816284 
1 0 
1 0 
0.670872 0.329127 
0.003533 0.996467 
0.674407 0.325593 
1 0 
1 0 
1 0 
1 0 
1 0 
1 0 
1 0 
1 0 
1 0 
1 0 
1 0 
1 0 
1 0 
1 0 
1 0 
1 0 
1 0 
1 0 
1 0 
1 0 
1 0 
1 0 
1 0 
1 0 
1 0 
1 0 
1 0 
1 0 
1 0 
1 0 
1 0 
1 0 
1 0 
1 0 
1 0 
1 0 
1 0 
1 0 
1 0 
1 0 
1 0 
1 0 
1 0 
1 0 
1 0 
1 0 
1 0 
1 0 
1 0 
1 0 
1 0 
1 0 
1 0 
1 0 
1 0 
1 0 
1 0 
1 0 
1 0 
1 0 
1 0 
1 0 
1 0 
1 0 
1 0 
1 0 
0.052995 0.947005 
1 0 
0.501847 0.498153 
0.703589 0.29641 
1 0 
1 0 
1 0 
1 0 
0.699175 0.300825 
1 0 
1 0 
1 0 
1 0 
1 0 
1 0 
1 0 
1 0 
1 0 
0.904094 0.095906 
1 0 
1 0 
1 0 
1 0 
1 0 
1 0 
0.707112 0.292888 
1 0 
1 0 
1 0 
1 0 
1 0 
1 0 
1 0 
1 0 
1 0 
1 0 
0.07066 0.92934 
0.6467 0.3533 
0.661176 0.338824 
0.710133 0.289867 
1 0 
1 0 
1 0 
1 0 
1 0 
1 0 
0.688935 0.311065 
0.724765 0.275234 
0.331763 0.668237 
0.702728 0.297271 
0.682368 0.317632 
0.696162 0.303838 
1 0 
0.731492 0.268508 
0.745624 0.254376 
0.660832 0.339168 
0.667898 0.332102 
0.0526605 0.94734 
0.689096 0.310904 
0.629368 0.370632 
0.014132 0.985868 
1 0 
1 0 
1 0 
1 0 
1 0 
1 0 
1 0 
0.950538 0.049462 
1 0 
0.197848 0.802152 
0.113056 0.886944 
0.360366 0.639634 
0.667411 0.332589 
1 0 
0.661157 0.338842 
0.68203 0.31797 
0.647025 0.352975 
0.689096 0.310904 
0.745624 0.254376 
1 0 
1 0 
0.674964 0.325036 
1 0 
1 0 
1 0 
0.193995 0.806005 
0.915208 0.084792 
1 0 
1 0 
0.448373 0.551627 
1 0 
1 0 
1 0 
1 0 
1 0 
1 0 
1 0 
0.908142 0.091858 
1 0 
0.816284 0.183716 
1 0 
1 0 
1 0 
1 0 
1 0 
1 0 
0.67174 0.328259 
0.689405 0.310595 
0.603834 0.396166 
0.681561 0.318439 
0.720424 0.279575 
0.71736 0.28264 
1 0 
1 0 
0 1 
1 0 
0.010599 0.989401 
0.664365 0.335635 
0.682333 0.317666 
0.003533 0.996467 
0.75269 0.24731 
1 0 
1 0 
1 0 
1 0 
0.420427 0.579573 
0.710294 0.289706 
0.689096 0.310904 
1 0 
1 0 
1 0 
0.950538 0.049462 
1 0 
1 0 
0.756223 0.243777 
1 0 
1 0 
1 0 
1 0 
1 0 
1 0 
1 0 
1 0 
1 0 
1 0 
1 0 
1 0 
1 0 
1 0 
0.968203 0.031797 
0.003533 0.996467 
1 0 
1 0 
1 0 
1 0 
1 0 
1 0 
1 0 
1 0 
1 0 
1 0 
1 0 
1 0 
1 0 
0.010599 0.989401 
0.692629 0.307371 
0.692629 0.307371 
1 0 
1 0 
1 0 
1 0 
1 0 
1 0 
0.75269 0.24731 
1 0 
1 0 
1 0 
1 0 
1 0 
1 0 
1 0 
1 0 
1 0 
1 0 
1 0 
1 0 
1 0 
1 0 
1 0 
1 0 
1 0 
1 0 
1 0 
1 0 
1 0 
1 0 
1 0 
1 0 
1 0 
1 0 
1 0 
1 0 
1 0 
1 0 
1 0 
1 0 
1 0 
1 0 
1 0 
1 0 
1 0 
1 0 
1 0 
1 0 
1 0 
1 0 
1 0 
0.629289 0.370711 
1 0 
1 0 
1 0 
1 0 
1 0 
1 0 
1 0 
1 0 
0.003533 0.996467 
1 0 
1 0 
1 0 
1 0 
0.890477 0.109523 
0.727552 0.272448 
0.636101 0.363899 
0.017665 0.982335 
1 0 
1 0 
1 0 
1 0 
0.675207 0.324793 
0.724265 0.275735 
0.689096 0.310904 
0.565682 0.434317 
0.720893 0.279107 
0.639473 0.360527 
0.692869 0.307131 
0.643167 0.356833 
0.660832 0.339168 
0.427254 0.572746 
0.636101 0.363899 
1 0 
1 0 
1 0 
0.137787 0.862213 
1 0 
0.650468 0.349532 
1 0 
0.714061 0.285939 
0.646933 0.353067 
1 0 
0.710294 0.289706 
1 0 
0.745856 0.254144 
1 0 
0.007066 0.992934 
0.71736 0.28264 
0.657138 0.342862 
0.766822 0.233178 
1 0 
0.982335 0.017665 
1 0 
1 0 
1 0 
0.696162 0.303838 
1 0 
0.848081 0.151919 
0.932873 0.067127 
0.713827 0.286173 
1 0 
1 0 
1 0 
1 0 
1 0 
1 0 
1 0 
1 0 
1 0 
0.92934 0.07066 
1 0 
1 0 
0.92934 0.07066 
1 0 
0.660832 0.339168 
0.049462 0.950538 
0.536801 0.463199 
0.653766 0.346234 
1 0 
1 0 
1 0 
1 0 
1 0 
1 0 
1 0 
1 0 
0.68224 0.317759 
0.721103 0.278897 
0.70697 0.293029 
1 0 
1 0 
0.660832 0.339168 
1 0 
1 0 
1 0 
0.6428 0.3572 
1 0 
1 0 
1 0 
1 0 
1 0 
0.162518 0.837482 
0.629035 0.370965 
0.084792 0.915208 
0.709931 0.290069 
0.021198 0.978802 
1 0 
1 0 
1 0 
0 1 
0.558375 0.441625 
1 0 
1 0 
1 0 
1 0 
1 0 
1 0 
1 0 
1 0 
1 0 
1 0 
1 0 
1 0 
1 0 
1 0 
0.003533 0.996467 
1 0 
1 0 
1 0 
1 0 
1 0 
1 0 
1 0 
1 0 
1 0 
1 0 
1 0 
1 0 
0.470234 0.529766 
0.480488 0.519512 
0.653766 0.346234 
0.706761 0.293239 
0.692629 0.307371 
1 0 
1 0 
1 0 
1 0 
0.466356 0.533644 
0.370785 0.629215 
0.643006 0.356994 
0.724426 0.275574 
0.5863 0.4137 
1 0 
1 0 
1 0 
1 0 
1 0 
1 0 
1 0 
1 0 
1 0 
1 0 
1 0 
1 0 
1 0 
1 0 
1 0 
1 0 
0.028264 0.971736 
1 0 
1 0 
1 0 
0.904609 0.095391 
1 0 
1 0 
1 0 
1 0 
1 0 
0.837482 0.162518 
1 0 
1 0 
1 0 
1 0 
1 0 
1 0 
1 0 
1 0 
1 0 
1 0 
1 0 
1 0 
1 0 
1 0 
1 0 
1 0 
1 0 
1 0 
1 0 
1 0 
1 0 
1 0 
1 0 
1 0 
1 0 
1 0 
1 0 
1 0 
1 0 
0.826883 0.173117 
0.855147 0.144853 
1 0 
1 0 
1 0 
1 0 
1 0 
1 0 
1 0 
1 0 
1 0 
1 0 
1 0 
0.833949 0.166051 
1 0 
1 0 
0.830416 0.169584 
1 0 
0.911675 0.088325 
0.833949 0.166051 
1 0 
1 0 
1 0 
1 0 
1 0 
0.084792 0.915208 
0.0422595 0.95774 
0.68203 0.31797 
1 0 
1 0 
1 0 
1 0 
1 0 
1 0 
1 0 
1 0 
1 0 
1 0 
1 0 
1 0 
1 0 
1 0 
1 0 
1 0 
0.0634665 0.936533 
0.664492 0.335508 
0.38497 0.61503 
0.717486 0.282514 
1 0 
1 0 
1 0 
1 0 
1 0 
0.82335 0.17665 
1 0 
0.021198 0.978802 
0.710415 0.289584 
1 0 
1 0 
1 0 
1 0 
1 0 
0.014132 0.985868 
0.692468 0.307532 
1 0 
1 0 
1 0 
1 0 
0.003533 0.996467 
1 0 
1 0 
1 0 
1 0 
1 0 
1 0 
1 0 
0.713827 0.286173 
1 0 
0.73122 0.26878 
1 0 
0.03533 0.96467 
1 0 
1 0 
1 0 
1 0 
1 0 
1 0 
1 0 
1 0 
1 0 
1 0 
0.031693 0.968307 
1 0 
1 0 
1 0 
1 0 
1 0 
1 0 
1 0 
0.003533 0.996467 
0.243777 0.756223 
0.699695 0.300305 
1 0 
0.685661 0.314339 
0.356735 0.643265 
0.674803 0.325197 
1 0 
1 0 
1 0 
0.021198 0.978802 
0.720893 0.279107 
0.660832 0.339168 
0.703228 0.296772 
0.024731 0.975269 
1 0 
1 0 
1 0 
1 0 
1 0 
1 0 
1 0 
1 0 
1 0 
1 0 
1 0 
1 0 
1 0 
1 0 
1 0 
1 0 
1 0 
0.720893 0.279107 
0.692629 0.307371 
0.950538 0.049462 
0.766822 0.233178 
1 0 
1 0 
1 0 
1 0 
1 0 
1 0 
1 0 
1 0 
1 0 
1 0 
0.92934 0.07066 
1 0 
1 0 
1 0 
1 0 
1 0 
1 0 
1 0 
0.385024 0.614976 
0.68203 0.31797 
0.664365 0.335635 
0.653837 0.346162 
0.777189 0.222811 
0.745463 0.254537 
0.427493 0.572507 
0.636101 0.363899 
0.699695 0.300305 
1 0 
0.671431 0.328569 
1 0 
1 0 
1 0 
1 0 
0.96467 0.03533 
1 0 
1 0 
1 0 
1 0 
0.685626 0.314374 
0.89401 0.10599 
1 0 
1 0 
1 0 
1 0 
1 0 
1 0 
1 0 
1 0 
1 0 
1 0 
1 0 
1 0 
1 0 
0.890532 0.109467 
0.947005 0.052995 
1 0 
1 0 
0.222579 0.777421 
0.738611 0.261389 
0.692415 0.307584 
0.657299 0.342701 
0.664416 0.335583 
0.69595 0.30405 
0.720893 0.279107 
0.664204 0.335796 
0.710344 0.289656 
0.6467 0.3533 
0.720893 0.279107 
0.632568 0.367432 
0.650233 0.349767 
0.713874 0.286126 
0.561747 0.438253 
0.653812 0.346188 
0.014132 0.985868 
1 0 
0.890477 0.109523 
0.915047 0.084953 
1 0 
1 0 
1 0 
0.936406 0.063594 
0.92934 0.07066 
1 0 
0.876345 0.123655 
0.925807 0.074193 
1 0 
1 0 
1 0 
1 0 
1 0 
1 0 
1 0 
1 0 
1 0 
1 0 
1 0 
0.858714 0.141286 
1 0 
1 0 
1 0 
1 0 
1 0 
1 0 
1 0 
1 0 
1 0 
1 0 
1 0 
1 0 
0.72777 0.27223 
0.625502 0.374498 
0.0953645 0.904635 
0.671431 0.328569 
1 0 
0.731517 0.268483 
0.72424 0.275759 
0.848081 0.151919 
0.579596 0.420403 
0.664365 0.335635 
0.643189 0.35681 
0.70325 0.29675 
0.713848 0.286152 
0.614924 0.385076 
0.636122 0.363878 
0.586659 0.413341 
0.706761 0.293239 
0.738558 0.261442 
0.699695 0.300305 
0.773709 0.226291 
0.593722 0.406277 
0.720893 0.279107 
0.699695 0.300305 
0.215513 0.784487 
0.68203 0.31797 
0.438268 0.561732 
0.632568 0.367432 
0.003533 0.996467 
0.547601 0.452398 
0.21922 0.78078 
0.671431 0.328569 
0.57604 0.42396 
0.731492 0.268508 
0.653594 0.346406 
0.699695 0.300305 
0.607837 0.392163 
0.664374 0.335625 
0.685563 0.314437 
0.678497 0.321503 
0.727798 0.272202 
0.692636 0.307364 
0.57958 0.42042 
0.710126 0.289874 
0.519512 0.480488 
0.650238 0.349762 
0.660666 0.339334 
0.038863 0.961137 
0.25807 0.74193 
0.650233 0.349767 
0.038863 0.961137 
0.968203 0.031797 
0.978802 0.021198 
0.96467 0.03533 
0.989401 0.010599 
0.692468 0.307532 
1 0 
1 0 
1 0 
1 0 
1 0 
1 0 
0.017665 0.982335 
1 0 
1 0 
1 0 
1 0 
0.724426 0.275574 
0.643167 0.356833 
0.699541 0.300459 
1 0 
1 0 
1 0 
1 0 
0.904609 0.095391 
1 0 
1 0 
0.96467 0.03533 
1 0 
1 0 
1 0 
1 0 
1 0 
1 0 
0.848081 0.151919 
1 0 
1 0 
1 0 
1 0 
1 0 
1 0 
1 0 
1 0 
1 0 
1 0 
1 0 
0.957604 0.042396 
1 0 
1 0 
1 0 
0.92934 0.07066 
0.003533 0.996467 
0.67127 0.32873 
0.063594 0.936406 
0.657299 0.342701 
0.68203 0.31797 
0.727934 0.272066 
0.674964 0.325036 
0.134254 0.865746 
1 0 
1 0 
1 0 
1 0 
1 0 
1 0 
1 0 
1 0 
1 0 
1 0 
1 0 
1 0 
1 0 
1 0 
1 0 
1 0 
1 0 
1 0 
1 0 
1 0 
1 0 
1 0 
0.696162 0.303838 
0.68203 0.31797 
0.052995 0.947005 
0.735025 0.264975 
0.685563 0.314437 
1 0 
1 0 
1 0 
1 0 
1 0 
1 0 
1 0 
1 0 
1 0 
1 0 
1 0 
1 0 
0.982335 0.017665 
1 0 
1 0 
1 0 
0.943472 0.056528 
1 0 
1 0 
0.830416 0.169584 
0.466406 0.533594 
1 0 
1 0 
1 0 
1 0 
1 0 
1 0 
1 0 
1 0 
1 0 
1 0 
1 0 
1 0 
1 0 
1 0 
1 0 
1 0 
1 0 
1 0 
1 0 
1 0 
1 0 
1 0 
1 0 
1 0 
1 0 
1 0 
1 0 
1 0 
1 0 
1 0 
0.39939 0.60061 
0.639539 0.360461 
0.660766 0.339234 
0.703228 0.296772 
0.03533 0.96467 
1 0 
0.904609 0.095391 
1 0 
0.76673 0.233269 
1 0 
1 0 
1 0 
1 0 
1 0 
1 0 
1 0 
0.735025 0.264975 
0.731492 0.268508 
0.745624 0.254376 
0.858594 0.141406 
0.706685 0.293314 
0.819817 0.180183 
1 0 
1 0 
1 0 
0.947005 0.052995 
1 0 
1 0 
1 0 
1 0 
1 0 
1 0 
1 0 
1 0 
1 0 
1 0 
1 0 
1 0 
1 0 
1 0 
1 0 
1 0 
1 0 
1 0 
0.664365 0.335635 
1 0 
0.911675 0.088325 
1 0 
1 0 
1 0 
1 0 
1 0 
0.021198 0.978802 
1 0 
1 0 
1 0 
1 0 
1 0 
1 0 
1 0 
1 0 
1 0 
1 0 
1 0 
1 0 
1 0 
1 0 
1 0 
1 0 
1 0 
1 0 
1 0 
1 0 
1 0 
1 0 
1 0 
1 0 
1 0 
1 0 
1 0 
1 0 
1 0 
1 0 
1 0 
1 0 
1 0 
0.038863 0.961137 
0.607837 0.392163 
1 0 
1 0 
1 0 
1 0 
1 0 
1 0 
1 0 
1 0 
1 0 
1 0 
1 0 
1 0 
1 0 
1 0 
1 0 
1 0 
1 0 
1 0 
1 0 
1 0 
1 0 
1 0 
1 0 
1 0 
1 0 
0.024731 0.975269 
1 0 
0.03192 0.96808 
0.742091 0.257909 
1 0 
0.865621 0.134378 
1 0 
1 0 
1 0 
1 0 
1 0 
1 0 
1 0 
1 0 
1 0 
1 0 
0.180313 0.819687 
1 0 
1 0 
1 0 
0.847949 0.152051 
1 0 
0.957604 0.042396 
1 0 
1 0 
1 0 
1 0 
1 0 
1 0 
1 0 
1 0 
1 0 
1 0 
0.166051 0.833949 
0.855008 0.144992 
1 0 
1 0 
1 0 
1 0 
1 0 
1 0 
1 0 
1 0 
1 0 
1 0 
1 0 
1 0 
1 0 
1 0 
1 0 
1 0 
1 0 
1 0 
1 0 
1 0 
1 0 
1 0 
1 0 
1 0 
1 0 
1 0 
1 0 
1 0 
1 0 
1 0 
1 0 
1 0 
1 0 
1 0 
1 0 
1 0 
1 0 
1 0 
1 0 
1 0 
1 0 
1 0 
1 0 
1 0 
0.862213 0.137787 
1 0 
0.915208 0.084792 
1 0 
1 0 
1 0 
1 0 
0.134254 0.865746 
1 0 
1 0 
1 0 
1 0 
1 0 
0.197848 0.802152 
1 0 
1 0 
1 0 
1 0 
1 0 
1 0 
1 0 
1 0 
0.791553 0.208447 
1 0 
0.017665 0.982335 
0.155626 0.844374 
0.738571 0.261429 
0.710133 0.289867 
0.611194 0.388805 
0.561908 0.438092 
1 0 
0.713827 0.286173 
0.639651 0.360349 
0.685563 0.314437 
0.703228 0.296772 
0.713648 0.286352 
0.568813 0.431187 
0.042396 0.957604 
0.68203 0.31797 
0.678497 0.321503 
0.643167 0.356833 
0.692629 0.307371 
0.127188 0.872812 
0.692446 0.307554 
0.695978 0.304022 
0.68203 0.31797 
1 0 
1 0 
1 0 
0.332102 0.667898 
0.229619 0.77038 
0.71364 0.28636 
1 0 
1 0 
1 0 
1 0 
1 0 
1 0 
1 0 
1 0 
1 0 
1 0 
1 0 
1 0 
1 0 
1 0 
1 0 
1 0 
1 0 
1 0 
1 0 
0.155452 0.844548 
0.671233 0.328766 
0.742091 0.257909 
0.010599 0.989401 
0.657299 0.342701 
0.904609 0.095391 
1 0 
1 0 
1 0 
0.137787 0.862213 
1 0 
1 0 
1 0 
1 0 
1 0 
1 0 
1 0 
1 0 
0.717154 0.282846 
0.759549 0.24045 
0.749157 0.250843 
0.748949 0.251051 
0.855147 0.144853 
0.752529 0.247471 
0.71736 0.28264 
0.862213 0.137787 
1 0 
1 0 
1 0 
1 0 
0.904609 0.095391 
0.968203 0.031797 
1 0 
1 0 
1 0 
0.805685 0.194315 
1 0 
1 0 
0.812751 0.187249 
1 0 
0.883411 0.116589 
1 0 
1 0 
0.918798 0.0812015 
1 0 
1 0 
1 0 
1 0 
1 0 
0.007066 0.992934 
1 0 
1 0 
1 0 
1 0 
1 0 
1 0 
1 0 
1 0 
1 0 
1 0 
1 0 
1 0 
1 0 
1 0 
1 0 
1 0 
1 0 
1 0 
1 0 
1 0 
0.145085 0.854915 
0.703299 0.2967 
1 0 
0.717432 0.282567 
0.077726 0.922274 
0.671196 0.328803 
1 0 
1 0 
1 0 
1 0 
1 0 
1 0 
1 0 
1 0 
1 0 
1 0 
1 0 
1 0 
0.176891 0.823109 
1 0 
1 0 
1 0 
1 0 
1 0 
1 0 
1 0 
0.003533 0.996467 
1 0 
1 0 
1 0 
1 0 
1 0 
1 0 
1 0 
0.86903 0.13097 
1 0 
1 0 
1 0 
1 0 
1 0 
0.954071 0.045929 
1 0 
0.872812 0.127188 
1 0 
0.85868 0.14132 
0.971736 0.028264 
1 0 
0.738558 0.261442 
0.579317 0.420683 
1 0 
1 0 
0.17665 0.82335 
1 0 
0.961137 0.038863 
1 0 
1 0 
1 0 
1 0 
1 0 
1 0 
1 0 
1 0 
1 0 
1 0 
0.024731 0.975269 
1 0 
1 0 
1 0 
1 0 
1 0 
1 0 
0 1 
1 0 
1 0 
1 0 
0.809218 0.190782 
0.014132 0.985868 
0.657299 0.342701 
1 0 
1 0 
1 0 
1 0 
1 0 
1 0 
1 0 
1 0 
1 0 
1 0 
1 0 
1 0 
1 0 
1 0 
1 0 
0.098924 0.901076 
0.692747 0.307253 
0.82307 0.176929 
1 0 
1 0 
0 1 
0.702946 0.297053 
0.017665 0.982335 
1 0 
1 0 
1 0 
1 0 
1 0 
1 0 
1 0 
0.710294 0.289706 
0.024731 0.975269 
1 0 
1 0 
1 0 
1 0 
1 0 
1 0 
1 0 
1 0 
1 0 
1 0 
1 0 
1 0 
1 0 
0.89401 0.10599 
0.158985 0.841015 
1 0 
0.6539 0.3461 
0.364194 0.635806 
0.720597 0.279403 
0.728094 0.271905 
0.745624 0.254376 
0.688935 0.311065 
0.671431 0.328569 
1 0 
1 0 
1 0 
1 0 
0.664504 0.335496 
0.688795 0.311205 
0.727959 0.272041 
0.611511 0.388489 
0.660529 0.339471 
0.734864 0.265136 
0.417055 0.582945 
0.590315 0.409685 
0.554538 0.445462 
0.515979 0.484021 
0.572507 0.427493 
0.685257 0.314743 
0.706761 0.293239 
1 0 
1 0 
1 0 
1 0 
0.275574 0.724426 
0.657299 0.342701 
0.689245 0.310755 
1 0 
1 0 
1 0 
1 0 
0.932873 0.067127 
1 0 
1 0 
1 0 
1 0 
1 0 
1 0 
1 0 
1 0 
1 0 
1 0 
1 0 
1 0 
0.159304 0.840696 
1 0 
1 0 
1 0 
1 0 
0.791553 0.208447 
1 0 
1 0 
1 0 
1 0 
1 0 
1 0 
1 0 
1 0 
1 0 
1 0 
0.918741 0.081259 
0.346561 0.653438 
0.392324 0.607676 
1 0 
0.184045 0.815955 
1 0 
1 0 
1 0 
1 0 
1 0 
1 0 
0.982335 0.017665 
1 0 
0.494447 0.505552 
0.487888 0.512112 
0.438426 0.561573 
0.68203 0.31797 
0.024731 0.975269 
0.505044 0.494956 
1 0 
1 0 
1 0 
1 0 
1 0 
1 0 
1 0 
1 0 
1 0 
1 0 
1 0 
1 0 
0.692468 0.307532 
0 1 
1 0 
1 0 
1 0 
1 0 
1 0 
1 0 
1 0 
0.668084 0.331916 
0.116936 0.883064 
0.618275 0.381725 
0.692629 0.307371 
1 0 
1 0 
1 0 
1 0 
1 0 
1 0 
1 0 
1 0 
1 0 
1 0 
1 0 
0.943472 0.056528 
0.950538 0.049462 
1 0 
1 0 
1 0 
1 0 
1 0 
1 0 
1 0 
1 0 
1 0 
1 0 
1 0 
1 0 
0.685563 0.314437 
1 0 
1 0 
0.031797 0.968203 
0.653766 0.346234 
1 0 
0.939939 0.060061 
1 0 
0.649867 0.350132 
1 0 
1 0 
1 0 
0.007066 0.992934 
0.713827 0.286173 
1 0 
1 0 
1 0 
1 0 
0.77705 0.222949 
1 0 
0.752529 0.247471 
0.71736 0.28264 
1 0 
1 0 
1 0 
1 0 
1 0 
1 0 
1 0 
1 0 
1 0 
1 0 
1 0 
1 0 
1 0 
1 0 
1 0 
1 0 
1 0 
1 0 
1 0 
1 0 
1 0 
1 0 
1 0 
1 0 
1 0 
1 0 
1 0 
1 0 
1 0 
0.749157 0.250843 
0.052995 0.947005 
0.745624 0.254376 
0.169584 0.830416 
1 0 
0.784487 0.215513 
1 0 
1 0 
1 0 
1 0 
0.731331 0.268669 
0.398998 0.601002 
0.632407 0.367593 
0.395463 0.604536 
0.367199 0.632801 
0.646933 0.353067 
0.653766 0.346234 
0.699695 0.300305 
0.710294 0.289706 
1 0 
1 0 
1 0 
1 0 
1 0 
1 0 
1 0 
1 0 
1 0 
1 0 
1 0 
1 0 
1 0 
1 0 
1 0 
0.582702 0.417298 
1 0 
0.469889 0.530111 
1 0 
1 0 
1 0 
1 0 
1 0 
1 0 
1 0 
1 0 
1 0 
1 0 
1 0 
1 0 
1 0 
1 0 
1 0 
1 0 
1 0 
1 0 
1 0 
1 0 
1 0 
1 0 
1 0 
1 0 
1 0 
1 0 
1 0 
1 0 
1 0 
1 0 
1 0 
0.85868 0.14132 
1 0 
1 0 
1 0 
1 0 
1 0 
1 0 
1 0 
1 0 
1 0 
1 0 
1 0 
1 0 
1 0 
1 0 
1 0 
1 0 
1 0 
1 0 
0.678497 0.321503 
0.678497 0.321503 
0.010599 0.989401 
0.689367 0.310633 
0.692196 0.307804 
1 0 
1 0 
1 0 
1 0 
1 0 
1 0 
0.915208 0.084792 
0.908142 0.091858 
1 0 
0.947005 0.052995 
1 0 
0.918741 0.081259 
1 0 
1 0 
1 0 
1 0 
1 0 
1 0 
0.144853 0.855147 
1 0 
1 0 
0.007066 0.992934 
0.180627 0.819373 
1 0 
1 0 
1 0 
0.837482 0.162518 
0.841015 0.158985 
1 0 
1 0 
1 0 
1 0 
0.89401 0.10599 
1 0 
1 0 
1 0 
1 0 
1 0 
1 0 
1 0 
1 0 
1 0 
1 0 
1 0 
1 0 
1 0 
1 0 
1 0 
0.883411 0.116589 
1 0 
1 0 
1 0 
1 0 
1 0 
1 0 
1 0 
1 0 
1 0 
1 0 
1 0 
1 0 
1 0 
1 0 
1 0 
1 0 
1 0 
1 0 
1 0 
1 0 
1 0 
1 0 
1 0 
1 0 
1 0 
1 0 
1 0 
1 0 
1 0 
1 0 
1 0 
1 0 
1 0 
1 0 
1 0 
1 0 
0.049462 0.950538 
0.717675 0.282325 
0.717676 0.282324 
0.756539 0.243461 
0.519351 0.480649 
0.756223 0.243777 
0.667898 0.332102 
1 0 
1 0 
1 0 
1 0 
1 0 
1 0 
1 0 
0.681547 0.318452 
0.706761 0.293239 
0.713827 0.286173 
0.688935 0.311065 
0.720893 0.279107 
0.713827 0.286173 
0.409989 0.590011 
0.702742 0.297258 
0.678822 0.321178 
0.03533 0.96467 
1 0 
0.703067 0.296933 
0.699695 0.300305 
0.699534 0.300466 
0.706761 0.293239 
0.6011 0.3989 
0.091858 0.908142 
1 0 
1 0 
1 0 
1 0 
1 0 
1 0 
0.222579 0.777421 
0.109523 0.890477 
0.685068 0.314932 
0.936406 0.063594 
1 0 
1 0 
0.947005 0.052995 
0.735025 0.264975 
0.007066 0.992934 
0.710631 0.289368 
1 0 
1 0 
1 0 
1 0 
1 0 
0.890477 0.109523 
1 0 
1 0 
1 0 
0.982335 0.017665 
1 0 
1 0 
1 0 
1 0 
1 0 
0.024731 0.975269 
1 0 
1 0 
1 0 
1 0 
0.024731 0.975269 
1 0 
1 0 
1 0 
1 0 
1 0 
1 0 
1 0 
1 0 
0.713827 0.286173 
0.681516 0.318484 
0.624987 0.375012 
0.339329 0.660671 
0.72478 0.27522 
0.329085 0.670915 
0.741574 0.258425 
0.49867 0.50133 
0.445676 0.554324 
1 0 
1 0 
1 0 
1 0 
1 0 
1 0 
1 0 
1 0 
1 0 
1 0 
1 0 
1 0 
1 0 
1 0 
1 0 
1 0 
1 0 
1 0 
1 0 
0.71066 0.289339 
0.462823 0.537177 
0.724426 0.275574 
0.717728 0.282272 
0.730962 0.269037 
0.763289 0.236711 
0.703228 0.296772 
0.569344 0.430656 
0.642636 0.357364 
0.720893 0.279107 
0.639634 0.360366 
0.693001 0.306999 
0.890477 0.109523 
0.713293 0.286707 
0.674964 0.325036 
0.667898 0.332102 
0.116589 0.883411 
0.685563 0.314437 
0.738021 0.261979 
1 0 
1 0 
1 0 
1 0 
0.124194 0.875806 
1 0 
1 0 
0.795086 0.204914 
1 0 
1 0 
1 0 
1 0 
1 0 
1 0 
1 0 
1 0 
1 0 
1 0 
1 0 
1 0 
1 0 
1 0 
1 0 
1 0 
1 0 
0.724426 0.275574 
0.738558 0.261442 
0.685563 0.314437 
0.438092 0.561908 
0.625502 0.374498 
0.714218 0.285782 
0.657299 0.342701 
0.70362 0.29638 
0.6467 0.3533 
0.689096 0.310904 
0.696162 0.303838 
0.720338 0.279662 
0.229645 0.770355 
0.675359 0.324641 
0.551309 0.448691 
0.678893 0.321107 
1 0 
1 0 
1 0 
1 0 
1 0 
1 0 
1 0 
1 0 
1 0 
1 0 
0.706198 0.293801 
0.272202 0.727798 
0.706761 0.293239 
0.682433 0.317567 
0.670866 0.329133 
0.293239 0.706761 
1 0 
1 0 
1 0 
1 0 
1 0 
1 0 
1 0 
1 0 
0.721301 0.278698 
0.696571 0.303429 
0.476955 0.523045 
0.699695 0.300305 
0.674964 0.325036 
0.703228 0.296772 
0.703639 0.29636 
0.692629 0.307371 
0.6467 0.3533 
0.042396 0.957604 
0.699695 0.300305 
0.713252 0.286748 
0.709718 0.290281 
1 0 
1 0 
1 0 
1 0 
1 0 
1 0 
1 0 
1 0 
1 0 
0.184297 0.815703 
1 0 
1 0 
1 0 
1 0 
1 0 
1 0 
1 0 
1 0 
1 0 
1 0 
1 0 
1 0 
1 0 
1 0 
0.85868 0.14132 
1 0 
1 0 
1 0 
1 0 
1 0 
0.954071 0.045929 
1 0 
1 0 
1 0 
1 0 
1 0 
1 0 
1 0 
1 0 
0 1 
1 0 
1 0 
1 0 
1 0 
0.713229 0.286771 
0.72736 0.272639 
0.470488 0.529512 
0.014132 0.985868 
1 0 
0.795086 0.204914 
1 0 
0.014132 0.985868 
0.675405 0.324595 
0.721334 0.278666 
0.727798 0.272202 
0.63903 0.360969 
1 0 
1 0 
1 0 
1 0 
0.876345 0.123655 
1 0 
1 0 
1 0 
1 0 
1 0 
1 0 
1 0 
1 0 
1 0 
1 0 
1 0 
0.678948 0.321052 
0.098924 0.901076 
1 0 
0.024731 0.975269 
0.438092 0.561908 
0.303385 0.696615 
0.462823 0.537177 
0.67127 0.32873 
0.516434 0.483566 
0.526578 0.473422 
0.795086 0.204914 
0.703228 0.296772 
0.731492 0.268508 
0.6467 0.3533 
0.703228 0.296772 
0.717818 0.282181 
0.45929 0.54071 
0.541169 0.45883 
0.745624 0.254376 
0.678957 0.321043 
0.699534 0.300466 
0.50538 0.49462 
0.522884 0.477116 
0.696162 0.303838 
0.332102 0.667898 
0.54071 0.45929 
0.667898 0.332102 
0.643167 0.356833 
0.649607 0.350393 
1 0 
1 0 
1 0 
0.805685 0.194315 
1 0 
0.957604 0.042396 
1 0 
1 0 
1 0 
1 0 
0.7066 0.2934 
0.709662 0.290338 
0.639634 0.360366 
0.618436 0.381564 
0.67433 0.32567 
0.696001 0.303999 
0.688461 0.311538 
0.71736 0.28264 
0.756223 0.243777 
0.049462 0.950538 
0.684926 0.315074 
1 0 
1 0 
1 0 
1 0 
1 0 
1 0 
1 0 
0.865746 0.134254 
1 0 
1 0 
1 0 
1 0 
1 0 
1 0 
1 0 
0.862213 0.137787 
1 0 
1 0 
1 0 
0.788505 0.211495 
0.007066 0.992934 
1 0 
1 0 
1 0 
0.428142 0.571858 
1 0 
1 0 
1 0 
1 0 
0 1 
0.021198 0.978802 
1 0 
1 0 
1 0 
1 0 
1 0 
1 0 
1 0 
0.003533 0.996467 
1 0 
1 0 
1 0 
1 0 
1 0 
0.024731 0.975269 
1 0 
1 0 
0.992934 0.007066 
1 0 
1 0 
1 0 
1 0 
1 0 
1 0 
1 0 
1 0 
1 0 
1 0 
1 0 
1 0 
0.75269 0.24731 
0.706761 0.293239 
0.626009 0.373991 
0.677828 0.322171 
0.618275 0.381725 
0.670762 0.329238 
0.745624 0.254376 
0.657299 0.342701 
0.75269 0.24731 
0.685402 0.314598 
0.739069 0.260931 
0.699695 0.300305 
0.732004 0.267996 
0.713153 0.286847 
0.706761 0.293239 
0.233178 0.766822 
0.480488 0.519512 
0.693144 0.306856 
0.571831 0.428169 
0.756062 0.243938 
0.706084 0.293916 
0.660832 0.339168 
0.670753 0.329247 
0.703228 0.296772 
0.667898 0.332102 
0.537177 0.462823 
0.660152 0.339848 
0.618955 0.381045 
0.204914 0.795086 
0.671951 0.328048 
0.646539 0.353461 
0.646539 0.353461 
1 0 
1 0 
1 0 
0.349928 0.650072 
1 0 
1 0 
1 0 
1 0 
0.003533 0.996467 
0.681869 0.318131 
1 0 
1 0 
1 0 
1 0 
1 0 
1 0 
1 0 
0.724426 0.275574 
1 0 
1 0 
1 0 
1 0 
1 0 
0.197848 0.802152 
1 0 
1 0 
1 0 
1 0 
1 0 
1 0 
0.795086 0.204914 
1 0 
1 0 
1 0 
1 0 
1 0 
1 0 
1 0 
1 0 
1 0 
1 0 
1 0 
1 0 
1 0 
1 0 
1 0 
1 0 
1 0 
1 0 
1 0 
1 0 
1 0 
1 0 
1 0 
1 0 
1 0 
1 0 
1 0 
1 0 
0.68203 0.31797 
0.703067 0.296933 
0.003533 0.996467 
1 0 
1 0 
1 0 
1 0 
1 0 
1 0 
1 0 
1 0 
1 0 
1 0 
1 0 
1 0 
0.830416 0.169584 
1 0 
0.674243 0.325757 
0.010599 0.989401 
0.677775 0.322225 
1 0 
1 0 
1 0 
1 0 
1 0 
1 0 
1 0 
1 0 
1 0 
1 0 
0.812751 0.187249 
1 0 
1 0 
1 0 
1 0 
1 0 
1 0 
1 0 
0.869279 0.130721 
1 0 
1 0 
1 0 
0.865746 0.134254 
1 0 
1 0 
1 0 
0.876345 0.123655 
1 0 
0.837482 0.162518 
1 0 
1 0 
1 0 
1 0 
1 0 
1 0 
1 0 
1 0 
1 0 
1 0 
1 0 
1 0 
1 0 
0.851614 0.148386 
0.720893 0.279107 
0.713827 0.286173 
0.691884 0.308116 
0.696162 0.303838 
0.689096 0.310904 
0.671431 0.328569 
0.688349 0.311651 
0.693215 0.306784 
0.713827 0.286173 
0.710294 0.289706 
0.101869 0.898131 
1 0 
0.942722 0.057278 
0.862213 0.137787 
1 0 
1 0 
1 0 
1 0 
1 0 
1 0 
1 0 
1 0 
1 0 
1 0 
1 0 
1 0 
1 0 
1 0 
1 0 
1 0 
1 0 
1 0 
1 0 
1 0 
1 0 
1 0 
1 0 
1 0 
1 0 
1 0 
1 0 
1 0 
1 0 
1 0 
0.939939 0.060061 
1 0 
1 0 
1 0 
1 0 
1 0 
1 0 
1 0 
1 0 
1 0 
1 0 
0.007066 0.992934 
1 0 
1 0 
1 0 
1 0 
1 0 
1 0 
1 0 
1 0 
1 0 
1 0 
1 0 
1 0 
1 0 
0.939939 0.060061 
1 0 
0.936406 0.063594 
1 0 
1 0 
1 0 
1 0 
1 0 
1 0 
0.166051 0.833949 
1 0 
1 0 
0.681245 0.318754 
0.597238 0.402762 
0.670646 0.329354 
0.127974 0.872026 
0.537016 0.462984 
1 0 
1 0 
0.820444 0.179556 
1 0 
1 0 
1 0 
1 0 
1 0 
0.876345 0.123655 
1 0 
1 0 
1 0 
1 0 
1 0 
0.438886 0.561114 
0.684769 0.315231 
1 0 
1 0 
0.717995 0.282005 
0.710294 0.289706 
0.688935 0.311065 
0.717996 0.282003 
0.028264 0.971736 
0.710294 0.289706 
1 0 
1 0 
1 0 
1 0 
1 0 
1 0 
1 0 
0.85868 0.14132 
1 0 
1 0 
1 0 
1 0 
0.918741 0.081259 
1 0 
1 0 
1 0 
1 0 
1 0 
1 0 
1 0 
0.883411 0.116589 
1 0 
1 0 
1 0 
1 0 
1 0 
0.975269 0.024731 
1 0 
1 0 
1 0 
0.321664 0.678336 
0.749157 0.250843 
0.720893 0.279107 
0.678497 0.321503 
0.653766 0.346234 
0.745624 0.254376 
0.710294 0.289706 
0.573163 0.426837 
0.727141 0.272859 
0.653766 0.346234 
0.279107 0.720893 
1 0 
1 0 
1 0 
1 0 
1 0 
1 0 
1 0 
1 0 
1 0 
1 0 
1 0 
1 0 
1 0 
1 0 
1 0 
1 0 
1 0 
1 0 
1 0 
1 0 
1 0 
1 0 
1 0 
1 0 
1 0 
0.010599 0.989401 
1 0 
1 0 
1 0 
1 0 
1 0 
1 0 
1 0 
1 0 
1 0 
1 0 
1 0 
1 0 
1 0 
1 0 
1 0 
1 0 
1 0 
0.17665 0.82335 
1 0 
1 0 
1 0 
0.713827 0.286173 
0.713827 0.286173 
0.730648 0.269352 
0.696162 0.303838 
0.703228 0.296772 
0.706761 0.293239 
0.031797 0.968203 
0.052995 0.947005 
1 0 
1 0 
1 0 
1 0 
1 0 
1 0 
0.836632 0.163368 
1 0 
1 0 
0.151919 0.848081 
1 0 
1 0 
1 0 
1 0 
1 0 
0.693322 0.306677 
0.667898 0.332102 
1 0 
1 0 
0.003533 0.996467 
0.89401 0.10599 
1 0 
1 0 
0.744765 0.255234 
0.667898 0.332102 
0.659972 0.340027 
0.628175 0.371825 
0.580272 0.419727 
0.735025 0.264975 
0.643867 0.356132 
0.749157 0.250843 
0.113056 0.886944 
0.650233 0.349767 
0.660832 0.339168 
1 0 
0.681165 0.318834 
1 0 
1 0 
1 0 
1 0 
1 0 
1 0 
1 0 
1 0 
1 0 
1 0 
1 0 
1 0 
1 0 
0.490376 0.509624 
1 0 
0.954071 0.045929 
1 0 
1 0 
1 0 
1 0 
1 0 
1 0 
0.639473 0.360527 
1 0 
1 0 
1 0 
1 0 
1 0 
1 0 
1 0 
0.728678 0.271322 
0.017665 0.982335 
0.89401 0.10599 
1 0 
1 0 
1 0 
1 0 
1 0 
1 0 
0.300305 0.699695 
1 0 
0.580298 0.419702 
1 0 
1 0 
1 0 
0 1 
1 0 
1 0 
1 0 
1 0 
1 0 
1 0 
1 0 
1 0 
1 0 
1 0 
0.82335 0.17665 
1 0 
0.922274 0.077726 
1 0 
1 0 
1 0 
1 0 
1 0 
1 0 
1 0 
1 0 
1 0 
1 0 
1 0 
1 0 
0.590172 0.409828 
0.724426 0.275574 
0.672171 0.327828 
0.670529 0.329471 
0.667737 0.332263 
0.710133 0.289867 
0.580315 0.419684 
0.710294 0.289706 
0.568813 0.431187 
0.677592 0.322408 
0.474327 0.525672 
0.633313 0.366687 
0.604304 0.395696 
0.078633 0.921367 
0.759756 0.240244 
0.699695 0.300305 
0.684654 0.315346 
0.688187 0.311813 
0.713827 0.286173 
0.71645 0.28355 
0.696162 0.303838 
0.505219 0.494781 
0.689096 0.310904 
0.661583 0.338417 
0.705848 0.294152 
0.710133 0.289867 
0.544243 0.455757 
0.738558 0.261442 
0.711047 0.288953 
0.720893 0.279107 
0.756977 0.243023 
0.674803 0.325197 
0.639634 0.360366 
0.67758 0.32242 
1 0 
1 0 
0.720893 0.279107 
1 0 
1 0 
1 0 
1 0 
1 0 
1 0 
1 0 
1 0 
1 0 
0.954071 0.045929 
1 0 
1 0 
1 0 
1 0 
1 0 
1 0 
1 0 
1 0 
1 0 
1 0 
1 0 
1 0 
1 0 
1 0 
1 0 
1 0 
1 0 
1 0 
1 0 
1 0 
1 0 
0.901076 0.098924 
1 0 
1 0 
1 0 
1 0 
1 0 
1 0 
1 0 
1 0 
1 0 
0.73227 0.26773 
0.674024 0.325976 
0.71736 0.28264 
0.724426 0.275574 
0.738397 0.261603 
0.10599 0.89401 
0.668679 0.33132 
0.727959 0.272041 
0.68203 0.31797 
0.777421 0.222579 
0.688151 0.311848 
1 0 
1 0 
1 0 
1 0 
1 0 
0.851614 0.148386 
0.28264 0.71736 
0.695213 0.304786 
0.660832 0.339168 
0.699695 0.300305 
1 0 
1 0 
1 0 
1 0 
1 0 
1 0 
1 0 
1 0 
1 0 
1 0 
1 0 
1 0 
1 0 
1 0 
1 0 
0.904609 0.095391 
1 0 
1 0 
1 0 
0.014132 0.985868 
1 0 
1 0 
1 0 
1 0 
1 0 
1 0 
1 0 
1 0 
1 0 
1 0 
0.714631 0.285369 
0.572507 0.427493 
0.512285 0.487715 
0.731492 0.268508 
0.286173 0.713827 
0.720893 0.279107 
0.523045 0.476955 
0.720893 0.279107 
0.335796 0.664204 
0.727798 0.272202 
0.699695 0.300305 
0.561908 0.438092 
0.826883 0.173117 
1 0 
1 0 
1 0 
1 0 
0.024731 0.975269 
1 0 
1 0 
1 0 
1 0 
1 0 
1 0 
1 0 
1 0 
1 0 
1 0 
1 0 
1 0 
1 0 
1 0 
1 0 
1 0 
1 0 
1 0 
1 0 
1 0 
1 0 
0.890477 0.109523 
1 0 
1 0 
1 0 
0.872812 0.127188 
0.883411 0.116589 
1 0 
1 0 
0.101629 0.89837 
1 0 
1 0 
1 0 
1 0 
1 0 
1 0 
1 0 
1 0 
1 0 
1 0 
1 0 
1 0 
1 0 
1 0 
1 0 
1 0 
1 0 
0.148386 0.851614 
0.904609 0.095391 
1 0 
1 0 
1 0 
0.915208 0.084792 
1 0 
0.978802 0.021198 
0.954071 0.045929 
0.961137 0.038863 
1 0 
1 0 
1 0 
1 0 
1 0 
1 0 
1 0 
1 0 
1 0 
1 0 
1 0 
1 0 
1 0 
1 0 
1 0 
1 0 
1 0 
0.028264 0.971736 
1 0 
1 0 
1 0 
1 0 
0.003533 0.996467 
1 0 
1 0 
1 0 
1 0 
1 0 
1 0 
1 0 
1 0 
0.007066 0.992934 
1 0 
1 0 
1 0 
1 0 
1 0 
1 0 
1 0 
1 0 
1 0 
1 0 
1 0 
1 0 
1 0 
1 0 
1 0 
1 0 
1 0 
1 0 
1 0 
0.759756 0.240244 
0.003533 0.996467 
1 0 
1 0 
1 0 
1 0 
1 0 
1 0 
1 0 
1 0 
1 0 
1 0 
1 0 
1 0 
1 0 
1 0 
1 0 
1 0 
1 0 
1 0 
1 0 
1 0 
1 0 
1 0 
1 0 
0.674964 0.325036 
0.010599 0.989401 
1 0 
1 0 
1 0 
1 0 
1 0 
1 0 
1 0 
1 0 
1 0 
1 0 
1 0 
1 0 
1 0 
1 0 
1 0 
0.455918 0.544082 
1 0 
1 0 
1 0 
1 0 
1 0 
1 0 
1 0 
0.685563 0.314437 
0.03533 0.96467 
0.664365 0.335635 
1 0 
1 0 
1 0 
1 0 
1 0 
1 0 
1 0 
1 0 
1 0 
1 0 
1 0 
1 0 
1 0 
1 0 
1 0 
1 0 
1 0 
1 0 
0.75269 0.24731 
0.287237 0.712763 
0.706761 0.293239 
0.296772 0.703228 
1 0 
1 0 
1 0 
1 0 
1 0 
0.805685 0.194315 
1 0 
1 0 
1 0 
1 0 
1 0 
1 0 
1 0 
1 0 
1 0 
1 0 
1 0 
1 0 
1 0 
1 0 
1 0 
1 0 
1 0 
1 0 
1 0 
0.82335 0.17665 
1 0 
1 0 
1 0 
1 0 
1 0 
0.975269 0.024731 
0.922274 0.077726 
1 0 
1 0 
1 0 
1 0 
1 0 
1 0 
1 0 
1 0 
1 0 
1 0 
1 0 
1 0 
1 0 
1 0 
1 0 
1 0 
1 0 
1 0 
1 0 
1 0 
1 0 
1 0 
0.120122 0.879878 
0.702134 0.297866 
0.671431 0.328569 
1 0 
0.155452 0.844548 
0.730397 0.269603 
0.07066 0.92934 
0.932873 0.067127 
1 0 
1 0 
1 0 
1 0 
1 0 
1 0 
1 0 
1 0 
1 0 
1 0 
1 0 
1 0 
0.66884 0.33116 
0.014132 0.985868 
1 0 
1 0 
1 0 
1 0 
1 0 
1 0 
1 0 
1 0 
1 0 
1 0 
1 0 
1 0 
1 0 
1 0 
1 0 
1 0 
1 0 
1 0 
1 0 
1 0 
1 0 
1 0 
1 0 
0.045929 0.954071 
1 0 
1 0 
0.742091 0.257909 
0.692629 0.307371 
1 0 
1 0 
1 0 
0.586478 0.413522 
0 1 
1 0 
1 0 
1 0 
1 0 
1 0 
1 0 
1 0 
1 0 
1 0 
1 0 
1 0 
1 0 
1 0 
1 0 
1 0 
1 0 
1 0 
0.703228 0.296772 
0.682998 0.317001 
0.723296 0.276704 
0.719762 0.280237 
0.657299 0.342701 
0.643167 0.356833 
0.650233 0.349767 
0.042396 0.957604 
0.743063 0.256937 
0.756223 0.243777 
0.689096 0.310904 
1 0 
1 0 
1 0 
1 0 
1 0 
1 0 
0.017665 0.982335 
0.766822 0.233178 
0.696162 0.303838 
1 0 
1 0 
1 0 
1 0 
1 0 
1 0 
1 0 
1 0 
1 0 
1 0 
1 0 
1 0 
1 0 
1 0 
1 0 
1 0 
1 0 
1 0 
1 0 
1 0 
1 0 
1 0 
1 0 
1 0 
1 0 
1 0 
1 0 
1 0 
1 0 
1 0 
1 0 
0.664365 0.335635 
0.742091 0.257909 
1 0 
0.360527 0.639473 
0.706761 0.293239 
0.689096 0.310904 
0.095391 0.904609 
1 0 
0.201381 0.798619 
1 0 
1 0 
0.862213 0.137787 
1 0 
1 0 
1 0 
1 0 
1 0 
0.889314 0.110686 
1 0 
1 0 
1 0 
1 0 
1 0 
1 0 
1 0 
1 0 
1 0 
1 0 
1 0 
1 0 
1 0 
1 0 
1 0 
1 0 
1 0 
1 0 
1 0 
1 0 
1 0 
1 0 
1 0 
1 0 
0.812751 0.187249 
1 0 
1 0 
1 0 
1 0 
1 0 
1 0 
1 0 
1 0 
0.077726 0.922274 
0.712646 0.287353 
1 0 
1 0 
1 0 
1 0 
1 0 
1 0 
1 0 
1 0 
1 0 
0.398204 0.601795 
0.650233 0.349767 
0.666712 0.333288 
0.594731 0.405269 
0.618436 0.381564 
0.543055 0.456945 
1 0 
0.638445 0.361555 
0.663175 0.336824 
0.109523 0.890477 
0.692629 0.307371 
0.653605 0.346395 
0.709102 0.290897 
1 0 
1 0 
1 0 
1 0 
1 0 
1 0 
1 0 
1 0 
0.021198 0.978802 
1 0 
1 0 
1 0 
1 0 
1 0 
1 0 
1 0 
0.947005 0.052995 
1 0 
1 0 
1 0 
1 0 
1 0 
1 0 
0.699695 0.300305 
1 0 
1 0 
1 0 
1 0 
1 0 
1 0 
1 0 
1 0 
1 0 
1 0 
1 0 
1 0 
1 0 
0.3533 0.6467 
1 0 
0.180344 0.819656 
0.512285 0.487715 
0.913995 0.0860045 
0.572507 0.427493 
0.709081 0.290919 
0.07066 0.92934 
0.684348 0.315651 
0.717199 0.282801 
0.664365 0.335635 
1 0 
1 0 
1 0 
1 0 
1 0 
1 0 
1 0 
1 0 
1 0 
0.92934 0.07066 
1 0 
1 0 
1 0 
1 0 
1 0 
0.961137 0.038863 
1 0 
1 0 
0.82335 0.17665 
1 0 
1 0 
0 1 
1 0 
0.724426 0.275574 
0.017665 0.982335 
1 0 
1 0 
0.0471585 0.952842 
1 0 
1 0 
1 0 
1 0 
0.791553 0.208447 
1 0 
1 0 
1 0 
1 0 
1 0 
1 0 
1 0 
1 0 
1 0 
1 0 
1 0 
1 0 
1 0 
1 0 
1 0 
1 0 
1 0 
1 0 
1 0 
0.184958 0.815042 
1 0 
1 0 
1 0 
1 0 
1 0 
1 0 
0.848081 0.151919 
1 0 
0.010599 0.989401 
0.877431 0.122569 
1 0 
1 0 
1 0 
1 0 
1 0 
0.60061 0.39939 
0.689096 0.310904 
0.749157 0.250843 
0.681869 0.318131 
0.733773 0.266227 
0.667898 0.332102 
0.71736 0.28264 
0.731492 0.268508 
0.6467 0.3533 
0.718453 0.281546 
0.632568 0.367432 
0.676059 0.323941 
0.713827 0.286173 
0.760852 0.239148 
1 0 
0.739654 0.260346 
0.689096 0.310904 
0.511188 0.488812 
0.71736 0.28264 
0.731492 0.268508 
0.699695 0.300305 
0.699695 0.300305 
0.71736 0.28264 
0.705499 0.2945 
0.687834 0.312166 
0.692629 0.307371 
0.848081 0.151919 
0.656035 0.343965 
0.629035 0.370965 
0.561908 0.438092 
0.71736 0.28264 
0.629035 0.370965 
0.493515 0.506485 
0.738558 0.261442 
0.710294 0.289706 
0.647806 0.352193 
0.687828 0.312172 
0.763289 0.236711 
1 0 
0.588902 0.411098 
0.471159 0.528841 
0.577149 0.42285 
0.71847 0.28153 
0.698423 0.301576 
0.688935 0.311065 
0.647811 0.352188 
0.727959 0.272041 
0.50296 0.49704 
0.75027 0.24973 
1 0 
0.669012 0.330988 
0.727959 0.272041 
0.515818 0.484182 
0.699695 0.300305 
0.723149 0.276851 
0.7066 0.2934 
0.745463 0.254537 
0.621969 0.378031 
0.461705 0.538295 
0.666619 0.333381 
0.671431 0.328569 
0.706761 0.293239 
0.485302 0.514698 
0.729079 0.270921 
0.678497 0.321503 
1 0 
1 0 
1 0 
1 0 
1 0 
1 0 
1 0 
1 0 
1 0 
1 0 
1 0 
1 0 
1 0 
0.905737 0.094263 
1 0 
1 0 
0.862213 0.137787 
1 0 
1 0 
1 0 
1 0 
1 0 
0.96467 0.03533 
1 0 
1 0 
1 0 
1 0 
1 0 
0.134254 0.865746 
1 0 
1 0 
1 0 
1 0 
1 0 
1 0 
0.014132 0.985868 
1 0 
1 0 
1 0 
1 0 
1 0 
1 0 
1 0 
1 0 
1 0 
1 0 
1 0 
0.017665 0.982335 
1 0 
1 0 
1 0 
1 0 
1 0 
1 0 
0.696162 0.303838 
0.710294 0.289706 
0.730181 0.269818 
0.03533 0.96467 
0.692629 0.307371 
1 0 
1 0 
0.674964 0.325036 
0.289867 0.710133 
1 0 
1 0 
1 0 
1 0 
1 0 
1 0 
1 0 
0.901076 0.098924 
0.667898 0.332102 
1 0 
0.446477 0.553523 
0.126029 0.87397 
1 0 
0.5666 0.433399 
0.685563 0.314437 
0.687774 0.312225 
1 0 
1 0 
1 0 
1 0 
1 0 
1 0 
0.017665 0.982335 
1 0 
1 0 
1 0 
1 0 
1 0 
1 0 
1 0 
1 0 
1 0 
0.883411 0.116589 
1 0 
1 0 
1 0 
1 0 
1 0 
1 0 
1 0 
1 0 
1 0 
1 0 
0.690271 0.309729 
0.713827 0.286173 
0.038863 0.961137 
0.683206 0.316794 
0.735025 0.264975 
0.573684 0.426316 
0.314437 0.685563 
0.601949 0.398051 
0.701888 0.298111 
0.67261 0.32739 
0.381725 0.618275 
0.613562 0.386438 
0.551309 0.448691 
0.597238 0.402762 
0.68203 0.31797 
0.679679 0.320321 
0.6467 0.3533 
0.627691 0.372309 
0.406456 0.593544 
0.601955 0.398045 
0.466517 0.533483 
0.68203 0.31797 
0.650233 0.349767 
1 0 
1 0 
0.498314 0.501686 
1 0 
0.024731 0.975269 
1 0 
1 0 
1 0 
1 0 
1 0 
1 0 
1 0 
1 0 
1 0 
1 0 
1 0 
1 0 
1 0 
0.89401 0.10599 
1 0 
1 0 
1 0 
1 0 
1 0 
1 0 
1 0 
1 0 
1 0 
1 0 
1 0 
1 0 
1 0 
1 0 
1 0 
0.837482 0.162518 
0.844548 0.155452 
1 0 
0.187249 0.812751 
1 0 
1 0 
1 0 
1 0 
1 0 
1 0 
1 0 
1 0 
1 0 
1 0 
1 0 
1 0 
1 0 
1 0 
1 0 
1 0 
1 0 
0.897543 0.102457 
1 0 
1 0 
1 0 
1 0 
1 0 
1 0 
1 0 
1 0 
1 0 
1 0 
1 0 
1 0 
1 0 
1 0 
1 0 
1 0 
1 0 
1 0 
1 0 
1 0 
1 0 
1 0 
0.862213 0.137787 
1 0 
1 0 
1 0 
1 0 
0.890477 0.109523 
1 0 
0.904609 0.095391 
1 0 
1 0 
1 0 
1 0 
1 0 
0.181576 0.818424 
1 0 
1 0 
1 0 
1 0 
1 0 
1 0 
1 0 
1 0 
1 0 
1 0 
1 0 
1 0 
1 0 
0.731492 0.268508 
0.169584 0.830416 
1 0 
1 0 
1 0 
1 0 
1 0 
1 0 
1 0 
1 0 
1 0 
1 0 
1 0 
1 0 
1 0 
1 0 
1 0 
1 0 
0.167459 0.832541 
1 0 
1 0 
0.042396 0.957604 
0.749157 0.250843 
0.710294 0.289706 
0.704479 0.295521 
0.65855 0.34145 
0.703067 0.296933 
0.759756 0.240244 
1 0 
0.932873 0.067127 
1 0 
1 0 
1 0 
1 0 
1 0 
0.021198 0.978802 
0.116589 0.883411 
1 0 
1 0 
1 0 
1 0 
1 0 
1 0 
1 0 
1 0 
1 0 
1 0 
1 0 
1 0 
1 0 
0.694738 0.305262 
0.68203 0.31797 
0.699695 0.300305 
0.686828 0.313172 
0.351193 0.648806 
0.670004 0.329996 
0.67623 0.323769 
0.683297 0.316703 
1 0 
1 0 
1 0 
1 0 
1 0 
1 0 
1 0 
1 0 
1 0 
1 0 
1 0 
1 0 
1 0 
1 0 
1 0 
1 0 
1 0 
1 0 
1 0 
1 0 
0.975269 0.024731 
1 0 
1 0 
1 0 
0.120122 0.879878 
1 0 
1 0 
1 0 
1 0 
1 0 
1 0 
1 0 
1 0 
1 0 
1 0 
1 0 
1 0 
1 0 
1 0 
1 0 
1 0 
1 0 
1 0 
1 0 
0.936406 0.063594 
1 0 
1 0 
1 0 
1 0 
1 0 
1 0 
1 0 
1 0 
1 0 
1 0 
1 0 
1 0 
1 0 
1 0 
1 0 
1 0 
1 0 
1 0 
1 0 
1 0 
1 0 
1 0 
1 0 
1 0 
0.024731 0.975269 
0.653766 0.346234 
0.667737 0.332263 
0.693932 0.306067 
0.038863 0.961137 
0.67127 0.32873 
1 0 
1 0 
1 0 
1 0 
1 0 
1 0 
1 0 
1 0 
1 0 
0.014132 0.985868 
1 0 
1 0 
1 0 
0.629035 0.370965 
0.120122 0.879878 
1 0 
1 0 
1 0 
1 0 
1 0 
1 0 
1 0 
0.934929 0.065071 
1 0 
1 0 
1 0 
1 0 
0.208447 0.791553 
1 0 
0.021198 0.978802 
0.353461 0.646539 
1 0 
1 0 
1 0 
1 0 
1 0 
1 0 
1 0 
0.703228 0.296772 
0.151919 0.848081 
0.621969 0.378031 
0.636101 0.363899 
0.706761 0.293239 
0.017665 0.982335 
0.568974 0.431026 
0.652277 0.347722 
0.021198 0.978802 
1 0 
1 0 
1 0 
1 0 
1 0 
1 0 
0.098924 0.901076 
0.680537 0.319463 
0.731492 0.268508 
0.692629 0.307371 
0.116589 0.883411 
0.669936 0.330064 
0.763289 0.236711 
0.6657 0.3343 
0.692629 0.307371 
0.687599 0.312401 
0.740594 0.259406 
1 0 
1 0 
1 0 
1 0 
1 0 
1 0 
1 0 
1 0 
1 0 
1 0 
1 0 
1 0 
1 0 
1 0 
1 0 
0.971736 0.028264 
0.003533 0.996467 
1 0 
0.003533 0.996467 
1 0 
1 0 
1 0 
1 0 
1 0 
1 0 
1 0 
1 0 
1 0 
1 0 
0.833949 0.166051 
1 0 
1 0 
1 0 
1 0 
1 0 
1 0 
1 0 
1 0 
0.645183 0.354817 
0.727959 0.272041 
0.70171 0.29829 
1 0 
0.735025 0.264975 
0.71584 0.28416 
0.03533 0.96467 
0.785847 0.214153 
1 0 
1 0 
1 0 
1 0 
1 0 
1 0 
0.602134 0.397866 
1 0 
1 0 
1 0 
1 0 
1 0 
1 0 
0.346234 0.653766 
0.712299 0.287701 
1 0 
1 0 
1 0 
1 0 
1 0 
1 0 
0.568813 0.431187 
0.657299 0.342701 
0.68203 0.31797 
0.167584 0.832416 
0.711666 0.288333 
1 0 
1 0 
1 0 
1 0 
1 0 
1 0 
0.936406 0.063594 
1 0 
1 0 
1 0 
1 0 
1 0 
1 0 
1 0 
1 0 
1 0 
1 0 
1 0 
0.151919 0.848081 
1 0 
1 0 
1 0 
1 0 
1 0 
1 0 
1 0 
1 0 
1 0 
1 0 
1 0 
1 0 
1 0 
1 0 
1 0 
1 0 
1 0 
1 0 
1 0 
1 0 
1 0 
1 0 
1 0 
1 0 
1 0 
1 0 
0.010599 0.989401 
1 0 
1 0 
1 0 
1 0 
1 0 
1 0 
1 0 
1 0 
0.007066 0.992934 
0.736425 0.263574 
0.667898 0.332102 
1 0 
1 0 
1 0 
1 0 
1 0 
1 0 
1 0 
1 0 
0.731492 0.268508 
0.688935 0.311065 
0.134254 0.865746 
1 0 
1 0 
1 0 
1 0 
1 0 
1 0 
1 0 
1 0 
1 0 
1 0 
1 0 
1 0 
1 0 
1 0 
1 0 
1 0 
0.678497 0.321503 
0.691052 0.308947 
0.683446 0.316554 
0.712249 0.28775 
0.667898 0.332102 
0.685402 0.314598 
0.556796 0.443204 
0.722311 0.277689 
0.735025 0.264975 
0.503266 0.496733 
0.095391 0.904609 
0.689096 0.310904 
1 0 
1 0 
1 0 
1 0 
1 0 
1 0 
1 0 
1 0 
1 0 
1 0 
1 0 
1 0 
1 0 
0.674964 0.325036 
0.609781 0.390219 
0.629035 0.370965 
0.098924 0.901076 
0.630977 0.369022 
0.731492 0.268508 
0.687504 0.312495 
0.791553 0.208447 
0.724426 0.275574 
1 0 
1 0 
1 0 
1 0 
1 0 
1 0 
1 0 
1 0 
1 0 
1 0 
1 0 
0.860614 0.139385 
0.664204 0.335796 
0.696162 0.303838 
0.535083 0.464917 
0.028264 0.971736 
0.513886 0.486114 
1 0 
0.671431 0.328569 
0 1 
1 0 
1 0 
1 0 
1 0 
1 0 
1 0 
1 0 
1 0 
0.950538 0.049462 
1 0 
1 0 
1 0 
1 0 
0.708209 0.291791 
0.75269 0.24731 
0.333712 0.666287 
0.692629 0.307371 
1 0 
1 0 
1 0 
1 0 
1 0 
1 0 
1 0 
1 0 
1 0 
1 0 
1 0 
1 0 
1 0 
1 0 
1 0 
1 0 
1 0 
1 0 
0.917121 0.0828795 
1 0 
1 0 
1 0 
0.724426 0.275574 
0.609299 0.390701 
1 0 
1 0 
1 0 
1 0 
1 0 
1 0 
1 0 
1 0 
0.703228 0.296772 
0.742091 0.257909 
0.724426 0.275574 
0.052995 0.947005 
1 0 
0.694532 0.305468 
0.091858 0.908142 
1 0 
1 0 
0.167683 0.832317 
1 0 
1 0 
1 0 
0.985868 0.014132 
1 0 
1 0 
1 0 
1 0 
1 0 
1 0 
1 0 
1 0 
1 0 
1 0 
0.809218 0.190782 
1 0 
1 0 
1 0 
0.862213 0.137787 
1 0 
0.862213 0.137787 
1 0 
1 0 
1 0 
1 0 
1 0 
1 0 
0.144853 0.855147 
0.659185 0.340814 
0.019312 0.980688 
1 0 
1 0 
1 0 
0.678336 0.321664 
0.712178 0.287822 
0.71736 0.28264 
0.694511 0.305488 
1 0 
0.658789 0.34121 
0.683911 0.316089 
0.272041 0.727959 
0.63594 0.36406 
0.6467 0.3533 
0.662711 0.337289 
0.740436 0.259564 
0.68203 0.31797 
0.667898 0.332102 
0.332102 0.667898 
0.655261 0.344739 
0.148386 0.851614 
0.727959 0.272041 
0.713666 0.286334 
0.725923 0.274077 
0.706761 0.293239 
0.54071 0.45929 
1 0 
1 0 
1 0 
1 0 
1 0 
1 0 
1 0 
1 0 
1 0 
1 0 
1 0 
1 0 
1 0 
1 0 
1 0 
1 0 
1 0 
1 0 
1 0 
1 0 
1 0 
1 0 
1 0 
1 0 
1 0 
1 0 
1 0 
1 0 
1 0 
1 0 
1 0 
1 0 
0.606161 0.393839 
1 0 
0.166051 0.833949 
0.652088 0.347911 
0.683885 0.316115 
1 0 
1 0 
1 0 
1 0 
1 0 
1 0 
1 0 
1 0 
0.326718 0.673281 
1 0 
1 0 
1 0 
1 0 
1 0 
1 0 
1 0 
1 0 
1 0 
1 0 
1 0 
1 0 
1 0 
0.848081 0.151919 
1 0 
1 0 
1 0 
1 0 
1 0 
1 0 
1 0 
1 0 
0.692629 0.307371 
0.0158265 0.984173 
1 0 
1 0 
1 0 
1 0 
1 0 
0.715363 0.284637 
1 0 
1 0 
1 0 
1 0 
1 0 
1 0 
1 0 
1 0 
1 0 
1 0 
1 0 
1 0 
1 0 
1 0 
1 0 
1 0 
1 0 
1 0 
1 0 
1 0 
1 0 
1 0 
1 0 
1 0 
1 0 
1 0 
1 0 
1 0 
1 0 
1 0 
1 0 
1 0 
1 0 
1 0 
0 1 
1 0 
1 0 
1 0 
1 0 
1 0 
1 0 
1 0 
1 0 
1 0 
1 0 
1 0 
1 0 
1 0 
1 0 
1 0 
1 0 
1 0 
1 0 
1 0 
1 0 
1 0 
0.706761 0.293239 
1 0 
0.158985 0.841015 
1 0 
1 0 
1 0 
1 0 
1 0 
1 0 
1 0 
1 0 
1 0 
1 0 
1 0 
1 0 
0.021198 0.978802 
0.010599 0.989401 
0.657299 0.342701 
1 0 
1 0 
1 0 
1 0 
1 0 
1 0 
1 0 
1 0 
1 0 
1 0 
1 0 
1 0 
1 0 
0.936406 0.063594 
1 0 
1 0 
1 0 
1 0 
1 0 
1 0 
1 0 
1 0 
0.932873 0.067127 
1 0 
1 0 
1 0 
1 0 
0.72248 0.277519 
0.727959 0.272041 
0.742091 0.257909 
0.713827 0.286173 
0.003533 0.996467 
0.028264 0.971736 
1 0 
1 0 
1 0 
0.897543 0.102457 
1 0 
1 0 
1 0 
1 0 
1 0 
1 0 
1 0 
1 0 
1 0 
1 0 
1 0 
1 0 
1 0 
1 0 
1 0 
1 0 
1 0 
1 0 
0.007066 0.992934 
1 0 
1 0 
1 0 
1 0 
1 0 
1 0 
1 0 
1 0 
1 0 
1 0 
1 0 
1 0 
1 0 
1 0 
1 0 
1 0 
1 0 
1 0 
1 0 
0.710294 0.289706 
0.376271 0.623729 
0.71736 0.28264 
0.735025 0.264975 
0.687176 0.312823 
0.694387 0.305613 
0.650233 0.349767 
0.287949 0.712051 
0.669654 0.330345 
1 0 
1 0 
1 0 
1 0 
1 0 
1 0 
1 0 
1 0 
1 0 
1 0 
1 0 
0 1 
0.936406 0.063594 
1 0 
1 0 
1 0 
1 0 
1 0 
0.712041 0.287959 
0.696162 0.303838 
0.577786 0.422214 
0.448852 0.551148 
0.750902 0.249098 
0.252748 0.747251 
0.71736 0.28264 
1 0 
1 0 
1 0 
1 0 
1 0 
1 0 
1 0 
1 0 
1 0 
1 0 
1 0 
1 0 
1 0 
1 0 
1 0 
1 0 
1 0 
1 0 
1 0 
0.671431 0.328569 
0.491248 0.508752 
0.67127 0.32873 
0.683762 0.316238 
0.491087 0.508913 
0.655407 0.344593 
0.519351 0.480649 
0.770355 0.229645 
1 0 
1 0 
1 0 
1 0 
1 0 
1 0 
1 0 
1 0 
1 0 
1 0 
0.634215 0.365785 
0.63594 0.36406 
0.240244 0.759756 
0.73314 0.266859 
0.68203 0.31797 
0.213863 0.786137 
0.346234 0.653766 
0.151919 0.848081 
1 0 
0.719081 0.280919 
0.689096 0.310904 
1 0 
0.694282 0.305718 
1 0 
0.519351 0.480649 
1 0 
0.943472 0.056528 
0.844548 0.155452 
0.60602 0.39398 
1 0 
1 0 
0.655423 0.344577 
1 0 
1 0 
1 0 
0.657299 0.342701 
1 0 
0.703067 0.296933 
0.054817 0.945183 
1 0 
1 0 
1 0 
1 0 
1 0 
1 0 
1 0 
1 0 
1 0 
1 0 
1 0 
1 0 
1 0 
1 0 
1 0 
1 0 
1 0 
1 0 
1 0 
1 0 
0.837482 0.162518 
1 0 
1 0 
1 0 
1 0 
1 0 
1 0 
1 0 
1 0 
1 0 
1 0 
1 0 
1 0 
1 0 
1 0 
1 0 
1 0 
1 0 
1 0 
1 0 
1 0 
1 0 
1 0 
0.671431 0.328569 
0.696162 0.303838 
0.69785 0.30215 
0.708448 0.291551 
0.726113 0.273887 
0.098924 0.901076 
1 0 
1 0 
1 0 
1 0 
1 0 
1 0 
1 0 
1 0 
1 0 
1 0 
0.432878 0.567122 
1 0 
1 0 
1 0 
1 0 
1 0 
1 0 
1 0 
1 0 
1 0 
1 0 
1 0 
1 0 
1 0 
1 0 
1 0 
1 0 
1 0 
1 0 
1 0 
0.975269 0.024731 
1 0 
1 0 
1 0 
1 0 
1 0 
1 0 
0.918741 0.081259 
1 0 
1 0 
0.931006 0.068994 
1 0 
0.936406 0.063594 
1 0 
1 0 
0.932873 0.067127 
1 0 
1 0 
1 0 
1 0 
1 0 
1 0 
1 0 
0.0053535 0.994646 
0.696162 0.303838 
1 0 
0.583106 0.416894 
0.342862 0.657138 
0.552966 0.447034 
0.514161 0.485838 
0.660832 0.339168 
1 0 
1 0 
1 0 
1 0 
1 0 
1 0 
1 0 
1 0 
0.932873 0.067127 
1 0 
1 0 
0.901076 0.098924 
0.890477 0.109523 
1 0 
1 0 
0.674803 0.325197 
1 0 
1 0 
1 0 
1 0 
1 0 
1 0 
1 0 
1 0 
1 0 
1 0 
1 0 
0.892119 0.107881 
1 0 
1 0 
1 0 
1 0 
1 0 
1 0 
1 0 
1 0 
1 0 
1 0 
1 0 
0.906245 0.093755 
1 0 
1 0 
1 0 
1 0 
1 0 
0.897543 0.102457 
1 0 
1 0 
1 0 
1 0 
1 0 
1 0 
1 0 
1 0 
1 0 
1 0 
1 0 
1 0 
1 0 
1 0 
1 0 
1 0 
1 0 
1 0 
1 0 
0.102457 0.897543 
1 0 
1 0 
1 0 
1 0 
1 0 
0.021198 0.978802 
1 0 
1 0 
1 0 
1 0 
1 0 
1 0 
0.96467 0.03533 
1 0 
1 0 
1 0 
1 0 
1 0 
1 0 
1 0 
1 0 
1 0 
1 0 
1 0 
1 0 
1 0 
1 0 
0.667737 0.332263 
0.696162 0.303838 
0.710294 0.289706 
0.735025 0.264975 
0.021198 0.978802 
0.939939 0.060061 
1 0 
1 0 
1 0 
1 0 
0.657138 0.342862 
1 0 
0.676567 0.323433 
0.630804 0.369196 
0.696001 0.303999 
0.264975 0.735025 
0.653766 0.346234 
0.692629 0.307371 
0.674964 0.325036 
0.731492 0.268508 
1 0 
1 0 
1 0 
1 0 
1 0 
1 0 
1 0 
1 0 
1 0 
0.93465 0.0653495 
1 0 
1 0 
1 0 
1 0 
1 0 
1 0 
1 0 
0.690686 0.309313 
0.657299 0.342701 
0.712077 0.287923 
0.729548 0.270452 
0.063594 0.936406 
0.754278 0.245722 
0.613154 0.386846 
1 0 
1 0 
1 0 
1 0 
0.597238 0.402762 
0.72268 0.277319 
0.611209 0.388791 
0.699695 0.300305 
0.678497 0.321503 
0.63789 0.362109 
0.17665 0.82335 
1 0 
0.685563 0.314437 
0.667898 0.332102 
0.680289 0.319711 
0.671431 0.328569 
0.756223 0.243777 
0.657299 0.342701 
0.727959 0.272041 
0.561747 0.438253 
1 0 
1 0 
1 0 
1 0 
1 0 
1 0 
1 0 
1 0 
1 0 
0.81079 0.18921 
1 0 
1 0 
1 0 
1 0 
1 0 
1 0 
1 0 
1 0 
1 0 
1 0 
1 0 
1 0 
1 0 
1 0 
1 0 
1 0 
1 0 
1 0 
1 0 
1 0 
1 0 
1 0 
1 0 
1 0 
1 0 
1 0 
1 0 
1 0 
1 0 
1 0 
0.14132 0.85868 
0.696162 0.303838 
1 0 
1 0 
1 0 
1 0 
1 0 
1 0 
1 0 
1 0 
1 0 
1 0 
1 0 
1 0 
1 0 
1 0 
0.187249 0.812751 
1 0 
1 0 
0.666189 0.333811 
0.727959 0.272041 
0.713827 0.286173 
0.007066 0.992934 
0.724426 0.275574 
0.517806 0.482194 
0.765116 0.234883 
0.699695 0.300305 
0.489543 0.510456 
0.708304 0.291696 
1 0 
1 0 
1 0 
1 0 
1 0 
0.816284 0.183716 
1 0 
1 0 
1 0 
1 0 
1 0 
1 0 
1 0 
1 0 
1 0 
1 0 
1 0 
0.427493 0.572507 
0.378031 0.621969 
0.683869 0.316131 
0.535484 0.464516 
0.370965 0.629035 
0.708292 0.291708 
0.674964 0.325036 
0.664365 0.335635 
1 0 
1 0 
1 0 
1 0 
1 0 
0.698006 0.301993 
0 1 
1 0 
1 0 
1 0 
1 0 
1 0 
1 0 
1 0 
1 0 
1 0 
1 0 
1 0 
1 0 
1 0 
1 0 
1 0 
1 0 
0.031797 0.968203 
1 0 
0.932873 0.067127 
1 0 
0.168067 0.831932 
1 0 
0.708618 0.291382 
0.678497 0.321503 
0.676821 0.323178 
0.122141 0.877859 
0.687422 0.312578 
1 0 
1 0 
1 0 
1 0 
1 0 
1 0 
1 0 
1 0 
0.197848 0.802152 
1 0 
1 0 
1 0 
1 0 
1 0 
0.024731 0.975269 
0.645033 0.354966 
1 0 
1 0 
1 0 
1 0 
1 0 
0.024731 0.975269 
1 0 
1 0 
1 0 
1 0 
0.862213 0.137787 
1 0 
0.028264 0.971736 
1 0 
1 0 
1 0 
1 0 
1 0 
1 0 
1 0 
0.70119 0.29881 
1 0 
1 0 
1 0 
1 0 
0.692629 0.307371 
1 0 
1 0 
1 0 
1 0 
1 0 
1 0 
1 0 
1 0 
1 0 
1 0 
1 0 
1 0 
1 0 
1 0 
1 0 
1 0 
1 0 
1 0 
1 0 
1 0 
1 0 
1 0 
1 0 
1 0 
0.274094 0.725906 
0.310904 0.689096 
0.644646 0.355354 
0.286173 0.713827 
0.698056 0.301944 
0.689096 0.310904 
0.738558 0.261442 
0.367593 0.632407 
0.671431 0.328569 
0.703228 0.296772 
0.674964 0.325036 
0.710294 0.289706 
0.692629 0.307371 
0.73339 0.266609 
0.667898 0.332102 
0.697634 0.302366 
0.706761 0.293239 
0.657138 0.342862 
0.655667 0.344333 
0.706761 0.293239 
0.724426 0.275574 
0.703228 0.296772 
0.727959 0.272041 
0.673334 0.326665 
0.735025 0.264975 
0.665832 0.334168 
1 0 
1 0 
1 0 
1 0 
1 0 
1 0 
1 0 
1 0 
1 0 
1 0 
1 0 
1 0 
1 0 
1 0 
1 0 
0.96467 0.03533 
1 0 
1 0 
1 0 
1 0 
0.072278 0.927722 
0.777421 0.222579 
0.683486 0.316514 
1 0 
1 0 
1 0 
1 0 
1 0 
1 0 
1 0 
1 0 
1 0 
1 0 
1 0 
1 0 
0.158985 0.841015 
0.683479 0.316521 
0.749157 0.250843 
0.678497 0.321503 
0.254376 0.745624 
0.499761 0.500239 
1 0 
1 0 
1 0 
1 0 
1 0 
1 0 
1 0 
1 0 
1 0 
1 0 
1 0 
1 0 
1 0 
1 0 
0.837482 0.162518 
1 0 
1 0 
1 0 
1 0 
1 0 
1 0 
0 1 
1 0 
1 0 
1 0 
1 0 
1 0 
1 0 
1 0 
1 0 
1 0 
0.865746 0.134254 
1 0 
1 0 
1 0 
1 0 
1 0 
1 0 
0 1 
1 0 
1 0 
1 0 
0.71736 0.28264 
0.727959 0.272041 
0.215513 0.784487 
0.439677 0.560323 
0.559798 0.440201 
0.588062 0.411938 
0.73998 0.26002 
1 0 
0.441786 0.558214 
0.710294 0.289706 
0.685563 0.314437 
0.685563 0.314437 
0.508913 0.491087 
0.745624 0.254376 
1 0 
1 0 
1 0 
1 0 
1 0 
1 0 
1 0 
1 0 
1 0 
1 0 
1 0 
1 0 
1 0 
1 0 
1 0 
1 0 
1 0 
1 0 
1 0 
1 0 
1 0 
1 0 
1 0 
1 0 
0.943472 0.056528 
1 0 
1 0 
1 0 
1 0 
1 0 
1 0 
1 0 
1 0 
1 0 
1 0 
1 0 
1 0 
1 0 
1 0 
0.684003 0.315997 
0.85868 0.14132 
0.713827 0.286173 
0.770355 0.229645 
0.620411 0.379589 
0.0192225 0.980777 
1 0 
1 0 
1 0 
0.724426 0.275574 
0.745624 0.254376 
0.577433 0.422566 
1 0 
1 0 
0.92934 0.07066 
1 0 
1 0 
0.768803 0.231196 
0.007066 0.992934 
0.975269 0.024731 
1 0 
1 0 
1 0 
1 0 
1 0 
1 0 
1 0 
1 0 
1 0 
0.694013 0.305986 
1 0 
1 0 
1 0 
1 0 
1 0 
1 0 
1 0 
1 0 
1 0 
1 0 
1 0 
1 0 
1 0 
1 0 
1 0 
1 0 
1 0 
1 0 
1 0 
1 0 
1 0 
1 0 
0.699695 0.300305 
0.659299 0.340701 
0.017665 0.982335 
0.742091 0.257909 
0.686934 0.313066 
1 0 
1 0 
1 0 
0.720732 0.279268 
0.678497 0.321503 
0.688935 0.311065 
0.74193 0.25807 
0.828888 0.171112 
0.684036 0.315964 
0.612736 0.387264 
0.729965 0.270035 
0.676329 0.323671 
0.722257 0.277743 
0.756223 0.243777 
0.031797 0.968203 
1 0 
1 0 
0.644529 0.355471 
0.0516335 0.948367 
0.678497 0.321503 
1 0 
1 0 
1 0 
1 0 
0.003533 0.996467 
0.731492 0.268508 
0 1 
1 0 
0.003533 0.996467 
1 0 
1 0 
1 0 
1 0 
1 0 
1 0 
0.67345 0.32655 
1 0 
0.028264 0.971736 
0.693981 0.306019 
1 0 
1 0 
1 0 
0.724426 0.275574 
0.68203 0.31797 
1 0 
1 0 
1 0 
0.696162 0.303838 
0.07066 0.92934 
0.724426 0.275574 
0.690441 0.309558 
0.623996 0.376004 
0.385258 0.614742 
0.652261 0.347739 
0.710294 0.289706 
0.689096 0.310904 
0.632568 0.367432 
0.743433 0.256567 
0.631065 0.368934 
0.696162 0.303838 
0.625502 0.374498 
0.655106 0.344894 
0.708793 0.291206 
1 0 
1 0 
1 0 
1 0 
1 0 
1 0 
1 0 
1 0 
0.194315 0.805685 
1 0 
1 0 
0.915208 0.084792 
1 0 
1 0 
1 0 
1 0 
1 0 
1 0 
1 0 
1 0 
1 0 
1 0 
1 0 
0.992934 0.007066 
1 0 
1 0 
1 0 
1 0 
1 0 
0.151919 0.848081 
1 0 
1 0 
0.925807 0.074193 
1 0 
1 0 
1 0 
1 0 
0.028264 0.971736 
1 0 
1 0 
1 0 
1 0 
0.918741 0.081259 
1 0 
1 0 
1 0 
1 0 
1 0 
1 0 
1 0 
1 0 
1 0 
1 0 
1 0 
1 0 
0.775199 0.2248 
1 0 
0.038863 0.961137 
0.708071 0.291929 
0.660832 0.339168 
0.392163 0.607837 
0.727959 0.272041 
0.374498 0.625502 
0.402923 0.597077 
0.730024 0.269976 
0.311065 0.688935 
1 0 
1 0 
1 0 
1 0 
1 0 
1 0 
1 0 
1 0 
1 0 
1 0 
1 0 
0.007066 0.992934 
1 0 
1 0 
1 0 
1 0 
0.003533 0.996467 
0.71736 0.28264 
0.742091 0.257909 
1 0 
1 0 
1 0 
1 0 
1 0 
1 0 
0.200088 0.799912 
1 0 
1 0 
1 0 
1 0 
1 0 
1 0 
1 0 
1 0 
1 0 
1 0 
1 0 
1 0 
1 0 
1 0 
1 0 
0.680584 0.319416 
0.763289 0.236711 
0.132969 0.86703 
0.696162 0.303838 
1 0 
0.922274 0.077726 
1 0 
1 0 
1 0 
1 0 
1 0 
1 0 
1 0 
1 0 
1 0 
1 0 
1 0 
1 0 
1 0 
1 0 
1 0 
0.744188 0.255812 
0.014132 0.985868 
0.735025 0.264975 
0.674964 0.325036 
0.724426 0.275574 
1 0 
1 0 
1 0 
0.103889 0.896111 
1 0 
1 0 
1 0 
1 0 
1 0 
1 0 
1 0 
0.971736 0.028264 
0.703228 0.296772 
1 0 
0.917314 0.0826855 
0.790127 0.209873 
0.961137 0.038863 
0.785751 0.214249 
0.784487 0.215513 
0.92934 0.07066 
1 0 
1 0 
0.903187 0.0968135 
0.908142 0.091858 
1 0 
0.169584 0.830416 
1 0 
0 1 
1 0 
1 0 
1 0 
1 0 
1 0 
1 0 
1 0 
1 0 
1 0 
1 0 
1 0 
1 0 
1 0 
1 0 
1 0 
1 0 
1 0 
1 0 
1 0 
1 0 
1 0 
1 0 
0.021198 0.978802 
0.912922 0.087078 
0.203668 0.796332 
1 0 
1 0 
1 0 
0 1 
1 0 
1 0 
1 0 
1 0 
1 0 
1 0 
1 0 
1 0 
1 0 
0.715066 0.284934 
0.118883 0.881117 
0.671431 0.328569 
1 0 
1 0 
1 0 
0.665601 0.334398 
0.726562 0.273438 
0.620572 0.379427 
0.055293 0.944707 
0.686797 0.313202 
0.673569 0.326431 
0.730097 0.269902 
0.060061 0.939939 
0.703067 0.296933 
1 0 
1 0 
1 0 
1 0 
1 0 
1 0 
1 0 
1 0 
1 0 
1 0 
1 0 
1 0 
1 0 
1 0 
1 0 
1 0 
1 0 
1 0 
1 0 
1 0 
1 0 
1 0 
1 0 
1 0 
1 0 
1 0 
1 0 
1 0 
1 0 
1 0 
1 0 
1 0 
1 0 
0.699695 0.300305 
0.670055 0.329945 
0.031797 0.968203 
0.711508 0.288492 
0.747783 0.252217 
1 0 
1 0 
1 0 
1 0 
1 0 
1 0 
1 0 
1 0 
1 0 
1 0 
1 0 
1 0 
1 0 
1 0 
0.003533 0.996467 
1 0 
1 0 
1 0 
0.684198 0.315802 
0.049462 0.950538 
0.6797 0.3203 
1 0 
1 0 
1 0 
1 0 
1 0 
1 0 
1 0 
1 0 
1 0 
1 0 
1 0 
1 0 
1 0 
1 0 
1 0 
0.042396 0.957604 
0.720893 0.279107 
0.644361 0.355639 
1 0 
1 0 
1 0 
1 0 
1 0 
1 0 
1 0 
1 0 
1 0 
1 0 
1 0 
1 0 
1 0 
0.699695 0.300305 
1 0 
0.007066 0.992934 
1 0 
1 0 
1 0 
1 0 
1 0 
1 0 
1 0 
1 0 
1 0 
1 0 
1 0 
1 0 
1 0 
1 0 
1 0 
1 0 
1 0 
1 0 
1 0 
1 0 
1 0 
1 0 
0.713827 0.286173 
1 0 
0.038863 0.961137 
0.734864 0.265136 
1 0 
0.6467 0.3533 
0.68203 0.31797 
0.507581 0.492419 
0.678497 0.321503 
0.777421 0.222579 
0.547776 0.452224 
0.754893 0.245107 
0.376862 0.623138 
0.760924 0.239076 
0.713827 0.286173 
0.696162 0.303838 
1 0 
1 0 
1 0 
1 0 
1 0 
1 0 
0.922113 0.077887 
1 0 
1 0 
1 0 
1 0 
1 0 
1 0 
1 0 
0.975269 0.024731 
1 0 
0.750315 0.249684 
1 0 
1 0 
1 0 
1 0 
0.673647 0.326353 
0.003533 0.996467 
0.679652 0.320348 
1 0 
1 0 
1 0 
1 0 
1 0 
1 0 
1 0 
1 0 
1 0 
1 0 
1 0 
1 0 
1 0 
1 0 
1 0 
1 0 
1 0 
1 0 
1 0 
1 0 
1 0 
1 0 
1 0 
1 0 
0.883411 0.116589 
0.865746 0.134254 
1 0 
0.925807 0.074193 
0.957604 0.042396 
1 0 
1 0 
1 0 
0.0341915 0.965808 
1 0 
1 0 
1 0 
1 0 
1 0 
1 0 
1 0 
1 0 
0.667737 0.332263 
0.0871915 0.912808 
1 0 
1 0 
1 0 
1 0 
1 0 
0.122524 0.877475 
0.024731 0.975269 
1 0 
1 0 
1 0 
1 0 
1 0 
1 0 
1 0 
1 0 
1 0 
1 0 
1 0 
1 0 
1 0 
1 0 
1 0 
1 0 
1 0 
1 0 
1 0 
1 0 
1 0 
0.943472 0.056528 
0.897543 0.102457 
0.862213 0.137787 
1 0 
0.911675 0.088325 
1 0 
1 0 
1 0 
1 0 
1 0 
1 0 
1 0 
1 0 
1 0 
1 0 
1 0 
1 0 
1 0 
1 0 
1 0 
1 0 
1 0 
1 0 
1 0 
1 0 
1 0 
1 0 
1 0 
1 0 
1 0 
1 0 
1 0 
1 0 
1 0 
1 0 
1 0 
1 0 
1 0 
1 0 
1 0 
0.746723 0.253277 
0.07066 0.92934 
0.740832 0.259168 
1 0 
1 0 
1 0 
1 0 
1 0 
1 0 
0 1 
1 0 
1 0 
1 0 
1 0 
1 0 
1 0 
1 0 
1 0 
0.918741 0.081259 
1 0 
1 0 
0.795086 0.204914 
1 0 
1 0 
1 0 
1 0 
0.150833 0.849167 
0.639634 0.360366 
1 0 
1 0 
1 0 
0.208447 0.791553 
1 0 
1 0 
1 0 
1 0 
1 0 
1 0 
1 0 
1 0 
1 0 
1 0 
1 0 
1 0 
1 0 
